-1.1302584798251388e+01 -3.8811641395749534e+00 -1.8423633968748363e+00 -5.3790042662302251e-05 -3.0614109844270820e-05 2.7539611302373950e-06 -8.3178071656682742e-04 -4.7222584701162723e-04 1.0656399806201681e-06 2.6745823141643863e-03 8.4679742798096683e-07 3.0782509033787063e-03 3.3095241623016306e-07 1.5981082389117866e-03 -2.4016710042422602e-04 -3.0987976177441889e-01 -7.6561814358519942e-01 3.3117577159401642e-03 4.3218109008251360e-01 -9.2628635893400756e-05 1.0718667206471272e-02 1.4639226945942028e+00 -3.1437690746188125e-04 -6.5326337842473853e-03 1.8289272080386525e-04 2.4532828184680905e-01 1.2174831058145041e-06 4.2579118877187200e-01 -2.4009200694979121e-04 -3.0981738671883924e-01 -7.6556427204561472e-01 3.7265180173166151e-01 -2.1871751668667416e-01 -6.1617987664882527e-05 1.2622576026355365e+00 -7.4142566323190451e-01 -2.0943804523591527e-04 3.7168646996340909e-01 -6.1805062170500731e-05 2.4525815874674461e-01 1.0509986773459118e-04 -2.0757263979585841e-01 3.9784448979121438e-07 -2.2070335438088822e-03 -1.3233638881015725e-01 7.0525486696023710e-04 1.1608544955667190e-03 -1.7771436411843217e-07 1.6770747642835732e-01 2.8513119003254139e-01 -4.0930512898818743e-05 -3.5119038992066794e-04 7.4310026252054489e-08 1.8647817867309990e-04 6.3711369043609633e-08 1.8478222832331317e-04 3.9834887743602188e-07 -2.2064354162928150e-03 -1.3232332440527134e-01 1.3578548935713045e-03 1.0172216398299481e-05 8.3719760920765829e-08 3.3075613243446256e-01 -2.2394895851766939e-03 2.7523777363423483e-05 -3.7794631176552595e-06 4.6656499830442465e-08 1.8641756659885242e-04 -1.6004412587096808e-08 -3.9671781538182449e-04 6.3341514207701315e-06 -1.4976888793956892e-04 -5.4974560762808808e-02 6.9313864599380255e-05 3.9330102928513997e-05 2.6888831384879045e-08 1.2005548528951124e-01 6.8128101318642734e-02 6.5431013701410798e-08 -3.9403141235795407e-05 -8.2217524830331406e-09 5.0436104216012606e-05 -2.0004465851606559e-08 -2.3537160979382289e-05 -8.7357530407562042e-02 -5.9148656289194756e-01 -5.2254560141673373e-02 -2.9652952194521229e-02 1.7327883524920406e-05 -2.8898789556588349e-04 -1.0160791270401147e-01 -2.5568527671367257e-05 3.9466114833688787e-05 1.4804747726513628e-08 -2.8878497436586950e-04 -1.0158641778814423e-01 2.0760057023630952e-05 -4.2160487123250363e-05 2.1936801695608647e-09 3.2581340213611140e-05 -2.9861552022330067e-03 3.1794106675649433e-06 -1.1472002150223316e-05 -2.5537123949419417e-09 3.2576209370126448e-05 -2.9856130743951643e-03 -8.2173943203737499e-06 8.6113311608278193e-06 -4.4428583622295006e-09 -2.2721989062060794e-06 -4.9184916658496071e-04 -1.7144496873349193e-06 -9.7323035065590233e-07 2.1903674746030817e-09
-3.8811641395749534e+00 -1.9897876936305412e+00 -1.4343114878342025e+00 -1.2726171392291530e-01 -7.2250061029130563e-02 4.2289306602856237e-05 -1.0911461366475106e-01 -6.1943813664793623e-02 4.1296105900571643e-05 9.6889557559351303e-02 4.2011586889401391e-05 1.6456435943298089e-01 4.2208475588059955e-05 5.7888750381483625e-02 -3.0987979553463318e-01 -5.9001332005062679e-01 -7.8499252527310848e-01 5.2968534419721713e-03 5.4453169365200171e-01 -1.1952496478806441e-04 -1.7205565475647694e-02 1.0240445746167026e+00 -2.1607703281773688e-04 2.1363490828610332e-04 1.1212730108510331e-04 1.4608992068287630e-01 -1.3412918789776723e-06 2.5798746735584954e-01 -3.0981745784573356e-01 -5.8994098601152789e-01 -7.8494137295245103e-01 4.7016012709309063e-01 -2.7464295348087053e-01 -7.4696538871041828e-05 8.7032317052865338e-01 -5.3986223987579507e-01 -1.3902465085119647e-04 2.2721127525640084e-01 -3.9738552640598964e-05 1.4606504047104374e-01 6.3280606563765446e-05 -1.2211094316118221e-01 -2.2070314781481725e-03 -4.8009381187352262e-02 -2.2140308841820056e-01 3.1207035402528130e-02 4.8813362118520248e-02 -6.7393812526843785e-06 2.4269270457119618e-01 3.7214095193101793e-01 -4.6918601545072936e-05 -4.5313027413437679e-02 7.5991563661900898e-06 2.4985186373148033e-02 8.3046213856708578e-06 1.8237327254186739e-02 -2.2064409667585968e-03 -4.8002770403747980e-02 -2.2138510977311232e-01 5.7902331812743707e-02 1.7585400403870972e-03 3.6729286107618615e-06 4.4390676675665608e-01 1.7512601530858148e-02 5.0912438207295716e-05 -5.4220678376353110e-03 2.2538926407271732e-06 2.4982565422651232e-02 -9.3171977519264121e-06 -4.8539567747446832e-02 -1.4976582142142491e-04 -9.8237826756428295e-03 -1.0952597865822200e-01 1.0283538298201153e-02 5.8356835695829203e-03 3.9400417996645152e-06 2.0754108144097883e-01 1.1777412883776606e-01 7.5095854899569662e-06 -8.1584850232213554e-03 1.2121021291157579e-07 6.5508724972813265e-03 -8.6225045783993433e-07 -4.8736251051292694e-03 -2.5675472793208787e-01 -5.7920550342132726e-01 -1.3737406873440872e-01 -7.7955815766744707e-02 4.5147801410285132e-05 -1.4790824261097804e-02 -1.6903895004488767e-01 -9.6415942727231078e-03 1.7529624826679066e-02 -1.9683407933727270e-06 -1.4784151833258145e-02 -1.6900852744633188e-01 1.0102725336890519e-02 -1.7260151371525936e-02 -2.1602577329585096e-07 -2.9611722038800047e-03 -1.5772103554689804e-02 -4.4896009493180676e-04 1.4409672480280547e-04 3.3215319723387686e-08 -2.9613463874054113e-03 -1.5770151050929659e-02 -1.0647888151595659e-04 -4.5936624105560078e-04 -1.9143070251328027e-08 -1.8958615003807124e-04 -3.5189554007852755e-03 6.4341228243310942e-05 3.6550102345738120e-05 3.9547626155858930e-07
-1.8423633968748363e+00 -1.4343114878342025e+00 -1.1953938885155626e+00 -1.1551905066461521e-01 -6.5581492532266528e-02 4.8748170268785170e-05 -2.2409457274048994e-01 -1.2719984241823046e-01 8.2355998965128249e-05 9.9852549652573730e-02 4.8392657442201665e-05 1.8247885309902026e-01 4.8393484573056698e-05 5.9657186996114372e-02 -7.6561806615443451e-01 -7.8499492047969976e-01 -8.3423506061092745e-01 -2.6144799853804579e-02 3.6166914442850162e-01 -8.2281171759938216e-05 -9.2341709038190056e-02 6.8020679288133756e-01 -1.4713428215728619e-04 -2.1607100285360920e-02 8.3405452744339135e-05 1.3571652727689709e-01 -1.4768821588351678e-06 1.7106527063359933e-01 -7.6556433999033247e-01 -7.8494193312912497e-01 -8.3419594782884143e-01 2.9707091152800480e-01 -2.0788506538145812e-01 -6.6209284419141087e-05 5.3661526887372890e-01 -4.2806531129305192e-01 -1.1166677898885352e-04 1.4034733694555201e-01 -4.0044276285898143e-05 1.3569828748620993e-01 3.0416936885847563e-05 -1.0012023361231653e-01 -1.3233631246785643e-01 -2.2140083361063900e-01 -3.7641419867610448e-01 9.4264524064955668e-02 1.2484863787266554e-01 -1.6360566392777798e-05 2.9205919052138452e-01 4.0857442677800826e-01 -4.5776122432775158e-05 -6.3475837731316709e-02 9.4718621414209081e-06 5.3133221579437284e-02 3.9714773923045271e-07 -1.4788499338038552e-02 -1.3232329533166121e-01 -2.2138960977793776e-01 -3.7639697348726209e-01 1.5551934168084380e-01 1.6901817149378516e-02 2.7022710517704256e-05 5.0051237389732606e-01 4.1210705819688997e-02 9.6432496282105066e-05 -4.3112115877010734e-02 -8.9127752052900429e-06 5.3134550665774272e-02 -3.2719944693105111e-05 -4.8880268904856194e-02 -5.4974535983821571e-02 -1.0952924619873572e-01 -2.3369303192748569e-01 6.8314277191081851e-02 3.8767776603724879e-02 6.6794842317090668e-07 2.9297432144145263e-01 1.6625742410894895e-01 1.6695857057683119e-05 -7.7983850422590484e-03 6.0889402975842260e-06 2.7751202662976898e-02 -5.2963865202916064e-06 -4.6563457952347731e-03 -2.7809236236032975e-01 -4.9009189790431762e-01 -8.7505092786905214e-02 -4.9656628383992429e-02 2.9698503245259090e-05 -8.5263404556995048e-02 -2.4737919114978402e-01 -3.4775654925774002e-02 3.4343324211662751e-02 1.1468872716435257e-07 -8.5248649779274377e-02 -2.4734727621756925e-01 1.1651531296417078e-02 -4.7457389591825216e-02 3.7491714004576816e-06 -5.8055525081970871e-03 -5.8936977336326579e-02 1.5507578798315842e-03 5.1375565297615208e-03 -2.9089731573248693e-07 -5.8051277450713798e-03 -5.8932781027772718e-02 5.2051534082816348e-03 -1.3029733900638231e-03 1.2012455862569953e-06 -7.8444056332753823e-04 -2.4364435122030681e-02 9.8674802045289455e-04 5.5993035625746118e-04 -4.2565681610032433e-08
-5.3790042662302251e-05 -1.2726171392291530e-01 -1.1551905066461521e-01 -1.2892725395155580e-01 8.8600751165440889e-02 2.3498880789829524e-05 -5.2071994366295726e-01 6.2037124882622668e-02 3.2831832212659724e-05 1.1714762988492414e-01 -3.4030514882178733e-05 7.8073433937657366e-02 3.2876017295235436e-05 -9.0957512937630547e-02 -3.0712134668982429e-03 -2.7477490027828511e-03 -3.1479607579583346e-02 -1.4945045371685017e-01 1.0072045702992083e-03 -1.8175794772478185e-05 -2.3506038389096462e-01 6.9264528914089518e-02 -1.6802424619771181e-05 1.0109849709133867e-01 4.4616016533739893e-06 3.2000211482614699e-03 -2.1336220943003476e-05 -7.5726150442922968e-04 -3.7253003048870803e-01 -4.6886697328173632e-01 -3.2625249053171812e-01 2.7141719472300219e-01 -2.4400518746470290e-01 -7.3491330524925970e-05 7.5182660241729149e-02 -1.7447283636725475e-01 -4.7516861045193530e-05 5.6587207598723932e-02 -2.2213781682200182e-05 1.9672079432314860e-02 1.5267530052002305e-05 2.8156114121080766e-02 -6.7037201722483280e-04 -2.7433254255974329e-02 -6.3124688198793688e-02 1.7321594799589050e-02 3.4228456085621084e-02 -3.5728154034081301e-06 8.6150968311742571e-03 1.2256375757567683e-01 -1.5895545104701756e-05 -2.2603965963878231e-02 6.2573259883676149e-06 1.5995337417825078e-02 6.8645735658239310e-06 1.7842503669872653e-02 -1.3575622271797538e-03 -5.7869517517977365e-02 -1.5524784457316931e-01 7.9212956644519494e-02 1.5130028453933984e-03 3.5979856676529996e-06 2.7417744773127284e-01 2.6990080905117758e-02 3.7641638276406163e-05 -6.4651197619470724e-03 3.8828343129334001e-06 3.5211798568828001e-02 -1.3279554703719853e-05 -6.9188538970195612e-02 -6.9310335907215806e-05 -1.0283720884017744e-02 -6.8311817533978858e-02 1.1778269288067404e-02 6.4227589870241471e-03 7.0589120717353412e-06 1.0984056864324554e-01 8.9504035762986711e-02 6.9441237279537052e-06 -1.1296752690442280e-02 1.5136494852957914e-07 6.9987385190490858e-03 -1.1864625470831593e-06 -5.9964727163736298e-03 2.4782838890282477e-01 1.8615232803963710e-01 8.8043828625372855e-02 7.8894873079435657e-02 -4.7299443436401309e-05 1.3607012026025753e-02 4.8022924886671925e-02 7.5742639253138771e-03 -1.3729366255661344e-02 -6.6235874384617591e-07 -3.7032033828484218e-03 -6.9275827936688628e-02 5.3706574422508367e-03 -9.7464102587580502e-03 -1.2173795092756339e-06 9.5963799411135633e-04 -2.6846263394208064e-03 -2.1545412522640123e-05 -6.2385630423082640e-04 7.7561422481541683e-08 -3.2363600626258600e-03 -1.4837084001714608e-02 -1.1298593478621557e-03 -1.8931082284956354e-04 -7.0481914098044274e-07 -1.0635454759139445e-03 -3.4214744206382663e-03 1.3464959217668023e-04 1.3714085908710414e-04 7.3958612114564713e-07
-3.0614109844270820e-05 -7.2250061029130563e-02 -6.5581492532266528e-02 8.8600751165440889e-02 -2.3479882982067934e-01 3.2203128777488052e-05 6.2036225361067870e-02 -5.9484396932879235e-01 3.3633111689908307e-05 -9.8557900862785375e-02 8.9651792386494418e-05 4.4325234860116414e-02 -3.3061570173282978e-05 2.2474303512740790e-01 -4.3218288420845763e-01 -5.4454896145357035e-01 -3.6124124453615103e-01 7.3547775514725411e-03 4.1657139453472425e-01 -1.2648249327774008e-04 1.0816532407995655e-02 1.3801065686388503e-01 -7.9103460445789859e-05 -2.5505856752097711e-04 4.0682325858283066e-05 2.0998425922909680e-02 -2.9235016679291751e-06 4.2926518006113579e-02 2.1892501638721246e-01 2.7684279298533854e-01 1.5819145868578710e-01 -2.5035578004722003e-01 -4.2942687791914513e-03 2.4318062874974494e-05 -1.1601857589700626e-01 -1.7221252911169849e-01 1.8071130934599626e-05 2.1256034970977278e-02 -4.1805696278786022e-06 -8.0228827967222527e-03 -1.6296072462610844e-05 8.7278190127253907e-02 -1.1813436959949980e-03 -5.1030501145040930e-02 -1.4314298250872304e-01 3.8490097262931539e-02 5.7872959713616862e-02 -1.2587758454828077e-05 1.8563217443671420e-01 1.8485853126733853e-01 -3.4510163362647106e-05 -6.1035579259728578e-02 1.1835116072896728e-05 3.1465530818021892e-02 1.2941078972745342e-05 2.0917464719419424e-02 3.0285555576374669e-05 2.6161941042688579e-03 1.9207106565292766e-02 -2.7462764223340781e-03 -4.0270414675850977e-03 3.9253745531623449e-06 -3.6063561195432088e-02 -8.0711273741167155e-02 -6.2078948956842503e-06 9.6783605765421443e-03 3.4283776947168769e-07 -2.4032725433967869e-03 1.4622721870636193e-06 8.2956423834235522e-03 -3.9327632047982797e-05 -5.8357808099750996e-03 -3.8765147648100073e-02 6.4227592569643353e-03 4.1047329603664633e-03 2.8478734209476757e-06 8.9503848210581327e-02 2.9089061618179368e-03 4.1080600032564515e-06 -5.6393154178156161e-03 -9.3585832170241214e-07 3.9714748809911819e-03 3.6325027620371568e-07 -4.6935106628307015e-03 1.4063970419470873e-01 1.0563103370363847e-01 7.8895593770282324e-02 -6.2142796344209772e-03 -2.6472526093119250e-05 -1.2445575046812284e-02 -1.0938956378545917e-01 -1.1066151894377933e-02 1.9395797247251399e-02 -2.9577183753463957e-06 1.8055805921133684e-02 9.7304881827135925e-02 -1.2410027158334700e-02 2.1590641666992115e-02 -1.4019237426089822e-06 -4.3421940256071602e-03 -1.5680607853961040e-02 -8.5127180816574506e-04 -6.4438703012607173e-04 -1.9152321525990272e-07 3.0507299034567693e-03 5.7355723851960326e-03 3.8246428040242166e-05 4.6405824025414828e-04 2.0916363760340707e-07 -6.0346197499833555e-04 -1.9414280380315148e-03 1.3710396510993218e-04 -2.9151458885429586e-05 3.9149716840730694e-07
2.7539611302373950e-06 4.2289306602856237e-05 4.8748170268785170e-05 2.3498880789829524e-05 3.2203128777488052e-05 2.9002397023896620e-02 3.8052270237715852e-05 3.5756211836202186e-05 -3.5475743220295897e-01 -2.4238863403304151e-05 -3.5147055706110708e-02 1.2389229012361856e-05 -6.1908596188958387e-02 -2.0589829092349099e-05 9.2693614082723570e-05 1.1706820639330524e-04 9.0314284788643165e-05 -8.3039767323453111e-06 -1.2507303442584636e-04 -2.1080928714093439e-01 7.3358906896465597e-06 -9.7034912804871802e-05 -2.4339343628506205e-01 -3.6619288160591305e-07 1.1350163303664962e-01 -4.4323685591080193e-05 -2.1339005117156779e-03 -2.9948720914919251e-05 6.1365461573682602e-05 8.4758282428432953e-05 6.8773621267979662e-05 -6.3584885755896031e-05 3.8415960681416014e-05 -2.1078555334760685e-01 -5.0114629240987849e-05 4.7076084978472401e-05 -2.4337773498947124e-01 -1.8015641622994667e-05 -6.0029268361921462e-02 -2.7185669282369751e-05 9.6345437366284203e-02 7.8362267840688437e-06 1.3311048000192393e-07 6.8652000661518738e-06 2.8375530932542612e-05 -1.5902318356027173e-06 -9.4720716506120116e-06 -1.3601288438168543e-02 -3.3852067926442507e-05 -5.0953778507806843e-05 -7.0648833713221393e-02 9.6938437834887485e-06 1.4825306944519709e-02 -4.5490878911199327e-06 2.4697811302955730e-02 -7.6685262704927861e-06 -1.4636958380693745e-07 -6.0658779173571625e-06 2.5228949310386590e-06 1.2114031243558115e-05 4.3469877565250504e-06 -1.3598692278758422e-02 -2.2168236108023143e-06 9.9049365518065481e-07 -7.0642226829297328e-02 -7.6831978722742865e-06 1.3601185456555608e-02 9.8710372850413238e-06 2.5390466128505366e-02 -8.0441900971320507e-06 1.0878100874996653e-07 -5.0152496640892794e-07 5.5581772972794596e-06 -7.9876145787991948e-06 3.2401252699207453e-06 2.3624947855666691e-02 -1.6030267145649901e-05 -5.5530494882098685e-06 -1.5030757290017238e-02 -4.7501551117398903e-07 2.4635365729764463e-04 -2.3893186401326445e-07 4.3424842163323173e-04 2.1339212693096006e-07 -7.2305157524699712e-05 -5.4613351420598906e-05 -4.6703547803242048e-05 -2.5785312495429447e-05 -5.3445645447371015e-02 -6.5503194163768135e-07 1.3949628312521177e-05 -3.9913148466866855e-07 -2.5707589931016760e-06 -8.0433615459775416e-03 -6.1114377201503713e-06 1.5730087765515426e-06 4.5295473065421680e-07 -1.7861951655944781e-06 -8.0412209347729101e-03 1.3521027752970224e-06 1.6072364811501859e-06 4.1041465392084062e-07 -6.1722018635071159e-08 1.6443541466590561e-04 3.0139284050116866e-06 -9.5851105210064538e-07 -3.6902153427245917e-07 7.2632872046468665e-07 1.6449211132328435e-04 4.0602948566810055e-07 5.8829917684845800e-07 -1.0099503818865411e-06 1.2452621144385761e-07 2.3246445668935853e-03
-8.3178071656682742e-04 -1.0911461366475106e-01 -2.2409457274048994e-01 -5.2071994366295726e-01 6.2036225361067870e-02 3.8052270237715852e-05 -5.9704641855417151e-01 1.0081110100171971e-01 8.4045642058257851e-05 1.2615832869908497e-01 -3.3683087624073534e-05 7.8696368761774771e-02 2.9726536590085847e-05 -8.8562110743329259e-02 -1.0902329121547174e-02 -3.2332975695359478e-02 -1.0237699307872239e-01 -2.3616939002778992e-01 -5.2869034799587211e-03 -1.2714694001888655e-05 -3.2008654056505037e-01 9.4210139888858513e-02 -1.5541746856793931e-05 1.8154083730546056e-02 1.4466368644680998e-06 1.9641357989557989e-02 -1.2732625314324354e-05 -2.7085704918759695e-02 -1.2623506503519297e+00 -8.9541051134561744e-01 -6.3522847926688097e-01 1.0057982474656058e-02 -2.1080039227262493e-01 -8.1889207615901171e-05 -1.6762104952607859e-01 -1.8224953575025804e-01 -6.1842618742075908e-05 7.6503647385941509e-03 -4.6172693423733179e-05 9.9798650198019700e-02 -1.9511271327682649e-05 -3.4059531250861919e-02 -1.6734321606249047e-01 -2.0681412768283924e-01 -2.1458687604665538e-01 1.1942894430075596e-02 1.2442536910624202e-01 -2.0341062495393816e-05 -7.3539079898306492e-02 2.1665089625093970e-01 -3.5714533411037512e-05 -3.7727360996289983e-03 1.2173165424975943e-05 3.4891048082908382e-02 -6.6646978272341730e-06 7.8724216924335177e-03 -3.3075292133097950e-01 -4.4360917125718302e-01 -4.9985518570962206e-01 2.7424299849197942e-01 3.0797289063708044e-02 5.6668783646229241e-05 4.3726198590830112e-01 7.8266223145895542e-02 1.2687772144891120e-04 -8.6943140175651926e-02 -1.9012650852392760e-05 8.9881039202736379e-02 -6.3795834647329016e-05 -5.8138792573958709e-02 -1.2005544176466448e-01 -2.0754890621554245e-01 -2.9298081446595692e-01 1.0984610094853564e-01 8.9511001320336403e-02 5.9577374740289888e-07 2.1312334424113377e-01 2.4227830484389523e-01 1.0164174989796612e-05 -1.4429069340154199e-02 1.3402166114723476e-05 4.6555520603175637e-02 -7.9230780515472253e-06 1.5683875330404717e-02 2.5793700236695116e-01 1.4224414746926994e-01 5.6880398305052537e-03 5.7825150402210923e-03 -4.8669254903669235e-06 8.1390155859322411e-02 7.1794541728931627e-02 1.8047299865664862e-02 -2.7363488772262246e-02 -1.9940261073997655e-06 -9.1857090391018192e-02 -2.1540277821454934e-01 -3.7310193764681990e-03 -4.9664867880574892e-02 3.9163883944819435e-06 -3.5111928175127066e-03 -3.5260728096259464e-02 2.5717198119545415e-04 3.6704867042864318e-03 -2.9698975376762230e-07 -1.3810204262019288e-02 -1.0954756601556526e-01 1.2161592956736036e-02 -3.1242075332577439e-03 2.9313315934525146e-06 -1.9642386378336749e-03 -4.4050763534686954e-02 1.9700372976743357e-03 1.2998633629838956e-03 1.0346229779035889e-07
-4.7222584701162723e-04 -6.1943813664793623e-02 -1.2719984241823046e-01 6.2037124882622668e-02 -5.9484396932879235e-01 3.5756211836202186e-05 1.0081110100171971e-01 -7.1747818692680809e-01 8.5286041079327504e-05 -9.6508493218534108e-02 8.9243299678979399e-05 4.4677099979954255e-02 -3.4061851170333148e-05 2.3122586748110252e-01 -1.4639210967332974e+00 -1.0236817998753835e+00 -6.7877358281843847e-01 -6.3744490806940057e-02 1.3911495790954165e-01 -8.7740699853157628e-05 -9.1196391664218113e-02 -1.1505896622366751e-01 -3.0989936173465502e-05 -4.1538255952085476e-02 4.8100434607264595e-05 1.0452061518254027e-01 -5.3612713919272333e-06 4.2836618481656902e-02 7.4126737942963816e-01 4.9714374878634038e-01 2.6015439154483166e-01 -1.5234259792702853e-01 -1.0708707314945420e-01 1.8833652364711405e-05 3.1669105748397541e-03 -2.6748889480453375e-01 1.6012171724035364e-05 -2.2323611234679519e-02 1.1201255212767928e-06 -3.6729104273272750e-02 -1.1150536167167305e-05 5.3910378951518068e-02 -2.8534492784573112e-01 -3.9320689869385106e-01 -4.5407284189007235e-01 1.8747580295228428e-01 1.8152057016274381e-01 -3.1738331749765313e-05 3.8338036465565306e-01 2.6109376279367780e-01 -3.4039980147114544e-05 -1.0537723488163864e-01 1.1923420644932272e-05 8.3846464213187533e-02 2.9846167512041820e-06 -6.1770378281034266e-02 2.6617600741353636e-03 2.4086737942163258e-02 4.8623366469678866e-02 -3.2249832541309933e-02 -8.0773048699231853e-02 -5.4369506474889574e-06 -8.8451637307133069e-02 -2.4968786071447724e-01 -2.4641506365267520e-05 5.7924259083837581e-02 1.5416523826693897e-05 -1.3042902818432123e-02 1.2686496960398296e-05 2.6509102751473758e-02 -6.8128076889934414e-02 -1.1777736754814827e-01 -1.6625615726258403e-01 8.9507644581611201e-02 2.9094887883374387e-03 6.1758277616245839e-06 2.4227016445674066e-01 -7.6326473851155277e-02 2.9004639439308112e-05 1.6733547036682422e-02 4.7443302524633673e-06 2.6417868803008338e-02 -9.3816776372310710e-06 -3.2820574344541165e-02 1.4637464962877345e-01 8.0709005076731177e-02 5.7826061004153662e-03 -1.2200527571999964e-03 -2.6307225208478864e-06 -1.5562297225139421e-01 -2.9380149774218722e-01 -6.2681869598070095e-02 4.2278238253858347e-02 5.4246035158390233e-07 1.4965570170095954e-01 2.1227220989332052e-01 -1.4354998197984192e-02 6.4050937381150308e-02 -8.3953668630796557e-06 -1.3990773328071415e-02 -1.0654768160664807e-01 3.9868133283228989e-03 1.1837287748729990e-02 -8.6725009558288367e-07 4.1595288284800060e-03 2.4364069614549955e-02 -3.4407333906936524e-03 -6.8705144933533776e-05 -9.7723390988698094e-07 -1.1146042456467754e-03 -2.4997306396777885e-02 1.2998973487290694e-03 4.1691081174833602e-04 1.4662200894085625e-07
1.0656399806201681e-06 4.1296105900571643e-05 8.2355998965128249e-05 3.2831832212659724e-05 3.3633111689908307e-05 -3.5475743220295897e-01 8.4045642058257851e-05 8.5286041079327504e-05 -1.1157027274432352e-01 -3.0126553062591603e-05 -3.3619723820594805e-02 8.8446131743523425e-06 -5.9220916568922866e-02 -2.5465177007216726e-05 3.1463359060236533e-04 2.1803976590675637e-04 1.5341614941540255e-04 5.7340717013634165e-06 -7.9573996207914872e-05 -2.4339378646791010e-01 3.1066793416235303e-05 -3.6750717791697498e-05 -1.5615625083976514e-01 6.1336333339820844e-06 5.3061744237819841e-02 -4.0148839600564579e-05 -1.5379285349151034e-02 -2.2233251479919329e-05 2.0916041908357547e-04 1.4210648545159420e-04 9.8367802126259865e-05 -4.5231799035891883e-05 2.4436590797073828e-05 -2.4337716549011512e-01 -2.5688124304043460e-05 4.0112128668875601e-05 -1.5614964164317691e-01 -2.0284090243053669e-05 -4.0407170022204841e-02 -2.6298643852922378e-05 3.7660635361000727e-02 1.0487029438498578e-05 4.1020095282525885e-05 5.9740302647093334e-05 8.2347312019746062e-05 -2.9349254938606975e-05 -3.6071003735914939e-05 -7.0645587148188693e-02 -8.0345794314423701e-05 -7.4661987549373829e-05 -1.0135937386959792e-01 2.3326807279072827e-05 3.0301313935655938e-02 -1.7244696952787474e-05 3.5287130395257910e-02 4.7900580536909640e-06 -2.7279808425860611e-05 -2.3270914524180816e-05 1.4395619107870710e-05 1.9779846964517090e-05 -1.0410482627954298e-06 -7.0643071882494080e-02 -4.1684862733010143e-05 -9.0324662571673011e-06 -1.0135626828105559e-01 -4.4530143084648654e-06 1.4755564022985546e-02 1.5509173190015257e-05 4.4109580071157284e-02 -3.0532409454137532e-06 4.7515743091375804e-08 6.7096972165323919e-07 1.9411791276999538e-05 -7.0636057915361430e-06 5.2058052236839581e-06 -1.5029900224717313e-02 -4.3967344137963143e-05 -2.7211125166864111e-06 -5.4580995818860778e-02 -2.7180315521447661e-06 9.1603613569583020e-03 2.4012129805958359e-07 1.6140747891853213e-02 4.0008293500790627e-06 -7.7319824831250999e-05 -3.8847436551440019e-05 -5.1647858526857613e-06 -2.4318545031643576e-06 -9.2749292114324700e-03 1.6271134779261381e-05 4.6412236400112067e-05 6.2980551571788931e-06 -7.3080953921737660e-06 -1.9396373903412728e-02 -1.6597437875446330e-06 1.7849006760612999e-05 7.3466260912546096e-08 1.3432608496531794e-06 -1.9393309624026217e-02 2.3514172708139133e-07 1.1717419993895995e-05 1.0382335916604799e-07 -2.7155286429615637e-07 -2.1608947034073827e-03 -2.2896150383967017e-06 -1.0271110958965849e-05 4.0607491903987194e-06 -8.8231108754465160e-07 -2.1607207521125572e-03 -3.2759928941300809e-07 -1.6883143091352048e-06 -2.1225322382104460e-08 4.0429803610166657e-07 1.0605218132245190e-03
2.6745823141643863e-03 9.6889557559351303e-02 9.9852549652573730e-02 1.1714762988492414e-01 -9.8557900862785375e-02 -2.4238863403304151e-05 1.2615832869908497e-01 -9.6508493218534108e-02 -3.0126553062591603e-05 1.7374599646138140e+00 2.4350839608964523e-05 -6.4941041741343186e-02 -3.1463511559843565e-06 3.2557313037497690e-02 -6.0453091183803650e-03 -7.8345918833012396e-03 1.6548666140962592e-02 -1.0100856832216465e-01 2.5057564706529867e-03 -6.4030554248435608e-06 -1.7939243870979560e-02 -4.0005878525838673e-02 -3.3251759561415701e-06 -1.9479081337555026e-01 1.5803034149952991e-07 1.0968532424699695e-03 3.7041957369888579e-05 -1.1401446651445685e-02 3.7192391045592316e-01 2.2329096264680759e-01 1.5894046026507291e-01 -5.7911748388172590e-02 -2.5678289315950287e-02 1.2047960914996934e-05 -6.6384222761152856e-02 7.7642163441438150e-04 1.1814621326279346e-05 2.0272249720535163e-01 -4.3383097461625224e-05 1.7219392908312736e-01 9.7776594245287899e-05 -2.1802365859196149e-01 -3.4178852052759931e-04 -3.9331348878508893e-02 -2.0780257854030038e-02 3.0380835886921573e-02 4.7924721447003660e-02 -7.6880234982592652e-06 -1.7566123621499952e-03 8.9627051758475185e-03 -3.9831742046054044e-06 -3.8340797973001370e-02 1.0043965177700429e-05 2.4232642460494100e-02 5.4293372150795616e-06 2.2796924419673112e-02 1.5529906867169246e-05 6.8575884240377402e-03 4.4541437816328494e-02 -8.6581772105733118e-03 -9.7926589291111241e-03 3.4193511527964698e-06 -8.9487315614440455e-02 -5.7358939513535767e-02 -1.2849787767550914e-05 1.9545708617109664e-02 5.9039945776886995e-07 -5.3148360506286990e-03 1.0830292258286753e-06 1.0618782072870279e-02 -3.9399869020537382e-05 -8.1585036997862716e-03 -7.7983243893702814e-03 1.1296678231848399e-02 5.6391586959131240e-03 -5.3933885200148218e-07 1.4427486474207996e-02 -1.6731289720769316e-02 1.0416205819959302e-06 -6.8452517035405072e-03 -1.2593083268765358e-06 5.1735072687789044e-03 -2.3182392665927605e-07 -7.3979018832577830e-03 -7.3091984982829539e-02 -7.5681103158913854e-03 3.7052758739739344e-02 4.7034522671153878e-02 -3.8773781853871985e-06 3.1102001890886573e-02 3.1276523359395569e-02 1.2040125712830408e-02 -1.6067881069572423e-02 2.9170429102454966e-07 2.2792506859104653e-02 6.3655754071058390e-02 -6.6015486033712111e-03 1.7741203539512196e-02 -5.8330014992054609e-07 2.6385900785650552e-03 -8.4327629446151464e-04 1.1524574819927368e-04 -7.3631185726751383e-04 -2.1792047614647642e-07 1.5822190821137517e-03 6.4731725853785331e-03 1.1606889692931271e-04 1.7485422438710815e-04 2.5172898232647710e-07 -4.7000179670716097e-04 -9.6510893026685932e-04 -3.3010272332217020e-04 -7.3971026221938168e-05 -2.1223457144260862e-07
8.4679742798096683e-07 4.2011586889401391e-05 4.8392657442201665e-05 -3.4030514882178733e-05 8.9651792386494418e-05 -3.5147055706110708e-02 -3.3683087624073534e-05 8.9243299678979399e-05 -3.3619723820594805e-02 2.4350839608964523e-05 1.8664536935343587e+00 -7.5304963551617153e-06 2.7726695007279211e-02 -5.1420509258277799e-05 1.8292981182404115e-04 1.1155975327074440e-04 8.2417919076756860e-05 -4.1376996446955904e-06 -4.1536748363677671e-05 -1.1345793189712250e-01 -8.2664984285369284e-06 -4.4592416116821267e-05 -5.2828215834314740e-02 -9.0039227269779232e-07 -1.7940283541209556e-01 1.4510710683043925e-04 -7.2699559227730956e-03 1.8036927460730336e-04 -6.1832872097685192e-05 -4.0140477057774393e-05 -1.2111860865768570e-05 1.9633532445753415e-05 5.6101900819562739e-06 5.4905098930546403e-02 -1.0930978102660855e-05 2.9072242510878426e-05 1.3209134548255341e-02 -4.2855403678751514e-05 -5.4845225506366502e-02 -5.0476322938613821e-05 7.9152551430570428e-02 4.5743021662781485e-05 1.7398461353076366e-08 1.1405053600572369e-05 2.8650179060198843e-05 -7.7397569065873692e-06 -1.4813262806961776e-05 -2.8791660787709047e-02 -3.8363789404600063e-05 -3.9534626350591108e-05 -4.5580642863660537e-02 1.5999345822646588e-05 1.7734406169117485e-02 -1.1058671150358171e-05 1.6636561970247155e-02 -5.9051064124298374e-06 5.4128659219205405e-08 2.8404392090938586e-06 -3.7575034282060042e-07 -7.3316626120713294e-06 -1.8178940515614021e-06 1.3974710392888882e-02 -1.3225073578162801e-06 7.1212200267079045e-06 1.5407039078021668e-02 3.1176726450302827e-06 -2.9375605339009587e-03 -2.3905308657934321e-06 -4.7000338861836501e-03 7.9554320142020432e-07 2.6862192627429122e-08 -5.8970763883007727e-08 5.0460671373618952e-06 -6.9780931743636240e-08 1.7746236680667499e-08 -2.4622970731246743e-04 -1.2452581900677517e-05 -1.0261684262168769e-06 -9.1595051553433615e-03 2.0860760640304041e-06 -3.3555722665661375e-03 1.7060659291199117e-06 3.6111161796178216e-03 -4.4329425611779425e-08 2.1327132672312285e-05 1.8092095927237415e-05 -5.3853983415413963e-06 -1.4889215182618495e-05 2.2273961974177192e-02 -1.8385918362420304e-07 2.0201720235036818e-05 5.2132914798677935e-07 -2.8308701641737693e-06 -4.6780332987450390e-03 7.5293964201653370e-07 -6.2503481723932011e-06 2.8847983032110597e-07 -3.4034814430710428e-07 3.7125960558419767e-03 -5.3059313875024042e-07 1.0228408919066412e-06 3.3583498952157441e-07 5.6515638932261229e-07 -1.2659516967083492e-03 -7.7718206868529657e-07 4.9590007677584581e-07 -7.6621184147692533e-07 1.2457650526797533e-07 9.9407870719556298e-04 7.4348461364914343e-07 4.1153921984736251e-07 -1.3029855026979749e-07 -4.2313248793425221e-08 8.9860554471997311e-05
3.0782509033787063e-03 1.6456435943298089e-01 1.8247885309902026e-01 7.8073433937657366e-02 4.4325234860116414e-02 1.2389229012361856e-05 7.8696368761774771e-02 4.4677099979954255e-02 8.8446131743523425e-06 -6.4941041741343186e-02 -7.5304963551617153e-06 1.8546215338563261e+00 -8.1753169797751480e-06 -3.8803807260440151e-02 2.4532825415594478e-01 1.4608931328897579e-01 1.3571436684180271e-01 2.8901568851330550e-03 -2.1041829515246580e-02 4.5939105360315573e-05 1.8093485424770656e-02 -1.0479548470269856e-01 4.4049351966810729e-05 -6.8548588456134874e-03 1.4373824531483228e-04 9.7614907564318232e-02 4.0908070850710263e-06 1.9487577978355952e-01 2.4525817056747695e-01 1.4606479729022137e-01 1.3569809741177119e-01 -1.6587769542925512e-02 1.3272828069948783e-02 2.9418262414334317e-05 -8.0688227770430304e-02 6.9269135767663470e-02 2.9754093963402055e-05 1.6832118207714752e-01 -4.5786721883708434e-05 9.7603030281041336e-02 8.3639966419634792e-05 -9.8426986060013266e-02 1.8648093111425592e-04 2.4985696380200803e-02 5.3136031544689988e-02 -1.9691035467426565e-02 -2.9295284514920833e-02 1.0393261256048622e-05 -5.6242360757849108e-02 -7.1313103964580016e-02 2.1029896765736015e-05 2.8971823967401153e-02 -1.0539463738405398e-05 -1.9152649702262173e-02 -8.7771019920768028e-06 -1.0585972708561195e-02 1.8641805321107215e-04 2.4982186120850902e-02 5.3130020330981076e-02 -3.5243291845353880e-02 -1.8811727756030191e-03 -4.1509092766504465e-06 -9.0054547624415782e-02 -1.1710398217490470e-02 -1.2603278894796391e-05 4.4122769864696001e-03 -2.8302492523783603e-07 -1.9149981799257317e-02 8.1934751095078486e-06 3.0524313226536079e-02 5.0437270385030627e-05 6.5507508641722140e-03 2.7747605390767038e-02 -6.9986418338391990e-03 -3.9715009842075915e-03 -8.8669222391244451e-07 -4.6547919207029220e-02 -2.6414333233106435e-02 4.0118952743671662e-07 5.1737051369189924e-03 3.6614530350955659e-07 -3.0767769642321948e-03 -5.5779752197385388e-07 3.0905554096210064e-03 4.2013554634153683e-02 5.4276094391871532e-02 -3.2314985836864429e-02 -1.8337828549355728e-02 -1.1201949276634583e-05 1.0301416908167601e-02 3.7908873317822028e-02 5.6831976731801844e-03 -8.7201442537430292e-03 1.7159140051373106e-06 1.0297954130072860e-02 3.7900837584953356e-02 -4.5705238858623981e-03 9.3466421941579385e-03 1.2012589281509899e-08 -5.8631221859731925e-04 4.5000634217084202e-03 5.1116429084865305e-05 3.8727647452233010e-04 2.5885763807278664e-07 -5.8623762335932670e-04 4.4991968982627667e-03 3.5868573274723021e-04 -1.5468700315942905e-04 2.2988509641618734e-07 1.9077621320926231e-05 1.2082570633244923e-03 2.3936546516674475e-05 1.3584781642657011e-05 -9.2508121947926760e-08
3.3095241623016306e-07 4.2208475588059955e-05 4.8393484573056698e-05 3.2876017295235436e-05 -3.3061570173282978e-05 -6.1908596188958387e-02 2.9726536590085847e-05 -3.4061851170333148e-05 -5.9220916568922866e-02 -3.1463511559843565e-06 2.7726695007279211e-02 -8.1753169797751480e-06 1.8995886843695580e+00 2.3172239312892454e-05 1.1068366606111200e-06 3.9024223047143416e-07 1.3496413450890888e-05 2.3201676360187567e-05 -4.2140261094672602e-07 -3.8099768312347265e-03 1.7640519743141402e-05 -3.2794022145814315e-05 -1.6159953132475063e-02 3.7133905369620052e-05 4.7954635845680882e-03 -2.9115810438755027e-06 -1.1904123956006263e-02 8.4826613490177093e-07 1.0494263709094638e-04 6.6743621439832503e-05 5.5104503923272244e-05 -1.8159701062260775e-05 1.6106813185800487e-05 -9.9355156828282221e-02 -3.3245006213549529e-05 2.0416476714070551e-05 -5.3632670363482404e-02 9.5079392557488769e-05 6.7087821416063065e-02 8.0944529812017286e-05 -1.3640511820983381e-01 -3.6038069896850389e-05 5.7536211928221324e-08 6.4370876766250573e-06 8.2914287500373510e-06 -5.5890899107510485e-06 -8.2126534904429472e-06 -9.1843527064709718e-04 -1.8726739490105703e-06 -1.5842826858737826e-05 -9.2762590406342826e-03 6.3830572298475663e-06 7.6475495972071206e-03 -5.4566438253955776e-06 4.1916670362108378e-03 -4.4347073307104372e-06 -1.1003363517457701e-07 -5.6180392089519382e-06 9.9123167039706278e-06 1.2422492845423059e-05 8.8485313536063161e-07 -2.5186031391625584e-02 -2.1953734787518846e-05 -3.4100727373402466e-06 -4.3884575028125816e-02 -2.8012727297040511e-06 4.2882570186335437e-03 9.5843630300838199e-06 2.4860482638719018e-02 -7.6142817853021455e-06 3.1988509742436285e-08 4.4177611225027516e-08 5.3017575902785971e-06 -9.3832804289626023e-07 1.5706069786179352e-07 -4.3407715341921976e-04 -9.5343482295019634e-06 -7.5638051967084187e-06 -1.6139923247041915e-02 -9.0340423003079780e-07 3.6113385855656077e-03 -8.5223939810275478e-07 9.5869325498981707e-04 6.3161856483927584e-07 3.6666453032149857e-05 2.2532002582074657e-05 -2.1979929836842601e-05 -5.8261693585418472e-06 3.9251660098538865e-02 -4.7489018555761324e-06 -4.6826434411092895e-06 -1.7507360690963952e-06 2.3833058787905660e-06 1.5319516226673419e-03 -4.3562622052623381e-06 8.0694629392159586e-06 -2.7490268606146718e-07 -1.2165850904326359e-06 -3.2295418664757790e-03 -4.8454660448607605e-07 -7.4262274539928892e-08 -9.1552740240016086e-08 4.1419326690262087e-09 4.0183313887202975e-04 6.0431441341209070e-07 -1.9634231982717258e-06 6.9315819517257657e-07 -3.3369833794929830e-08 -8.8070188496407523e-04 -2.6933365207382039e-08 -1.5876268024811184e-07 1.9911621239700065e-08 2.9429594655434355e-08 1.5836755283469325e-04
1.5981082389117866e-03 5.7888750381483625e-02 5.9657186996114372e-02 -9.0957512937630547e-02 2.2474303512740790e-01 -2.0589829092349099e-05 -8.8562110743329259e-02 2.3122586748110252e-01 -2.5465177007216726e-05 3.2557313037497690e-02 -5.1420509258277799e-05 -3.8803807260440151e-02 2.3172239312892454e-05 1.7023775847508471e+00 4.2579834155280866e-01 2.5786854715068497e-01 1.7163756893830195e-01 -4.3751408191883981e-03 -4.2855110603819302e-02 3.3341280883221079e-05 -2.8245179701151424e-02 -4.3649594225356858e-02 2.6183742329749635e-05 -3.9979767091897420e-03 1.7987826119345561e-04 1.9499205153175880e-01 2.8828155951617575e-06 3.2629062000932363e-01 -2.0714696482635253e-01 -1.2913992474163694e-01 -6.6791964235337620e-02 -2.5194397915093258e-02 -8.6119072066830782e-02 -1.6217908954805152e-05 -1.3707118790839079e-02 5.3994237863999039e-03 -1.3940218997111941e-05 -2.2542543096620493e-01 4.4013419639242274e-05 -9.1481769932253543e-02 -4.1395575308339439e-05 -7.1178888374234806e-02 2.0166744494538408e-04 2.8967019011336914e-02 6.1785548663892520e-02 -3.0952127042832345e-02 -2.8542350955030979e-02 8.4351316609610216e-06 -1.0711754474583868e-01 -5.8684278753343616e-02 1.3513277810219955e-05 4.1789275800299661e-02 -6.5888601808142643e-06 -1.9084530659014477e-02 -8.6714471978683956e-06 1.5578482250574593e-03 -3.9642919369360457e-04 -4.8356451613948609e-02 -4.7582706546066222e-02 6.9076487667425801e-02 6.9821954486065756e-03 7.8424618156317502e-06 5.5902467108237541e-02 2.3951885595466741e-02 1.2949706038413688e-05 -8.3692855525878129e-03 -1.4954958969523344e-06 3.0380166313744864e-02 -1.4589251067663322e-05 -5.6327030823371954e-02 -2.3535223931301359e-05 -4.8738331515709894e-03 -4.6585043713593399e-03 5.9964676164769807e-03 4.6938631938409046e-03 -5.9013380533200599e-08 -1.5677882360126322e-02 3.2819983588956880e-02 -6.1144541525162181e-07 -7.3980917940591976e-03 3.0069511325027573e-07 3.0905419752667671e-03 -3.3291137109776733e-07 1.1200161064255222e-03 -4.3661329666204729e-02 -4.5189371026028713e-03 4.7491159805442162e-02 -1.6587126809643249e-02 -2.0565736723822305e-06 9.1462710394241455e-03 5.5470166992182240e-02 6.9763772402261955e-03 -8.1229720594809575e-03 1.5438735475102539e-06 2.3043711498665645e-02 1.2407487423200525e-03 -5.0970696978752290e-03 1.1537170140044690e-02 -1.4774962498971367e-06 3.7662624498505928e-04 7.8074274176839903e-03 1.7607422670987572e-04 4.0774020701447172e-04 2.5021763585135882e-07 2.1440306882727685e-03 -4.4431698926485144e-03 -7.1334324401480583e-04 4.4692632888229471e-04 -6.5655338408834446e-07 -2.8066816760008461e-04 -5.7653623856199990e-04 -8.6665126347186197e-05 -2.3896470003717646e-04 -1.0921704272937852e-07
