-1.1302584798251480e+01 -3.8811641395749854e+00 -1.8423633968748501e+00 -5.3790042663384718e-05 -3.0614109845047976e-05 2.7539611302584929e-06 -8.3178071656701130e-04 -4.7222584701141559e-04 1.0656399806228028e-06 2.6745823141644748e-03 8.4679742798244469e-07 3.0782509033781980e-03 3.3095241621767017e-07 1.5981082389120750e-03 -2.4016710042354790e-04 -3.0987976177442089e-01 -7.6561814358520330e-01 3.3117577159402396e-03 4.3218109008251648e-01 -9.2628635893396378e-05 1.0718667206471393e-02 1.4639226945942097e+00 -3.1437690746187723e-04 -6.5326337842474729e-03 1.8289272080386536e-04 2.4532828184681038e-01 1.2174831058106124e-06 4.2579118877187372e-01 -2.4009200695200334e-04 -3.0981738671884190e-01 -7.6556427204562083e-01 3.7265180173166390e-01 -2.1871751668667538e-01 -6.1617987664883150e-05 1.2622576026355450e+00 -7.4142566323190984e-01 -2.0943804523591115e-04 3.7168646996341120e-01 -6.1805062170507222e-05 2.4525815874674622e-01 1.0509986773459248e-04 -2.0757263979585991e-01 3.9784448970979079e-07 -2.2070335438088779e-03 -1.3233638881015788e-01 7.0525486696027928e-04 1.1608544955666804e-03 -1.7771436411680004e-07 1.6770747642835815e-01 2.8513119003254300e-01 -4.0930512898814704e-05 -3.5119038992067184e-04 7.4310026253296544e-08 1.8647817867305317e-04 6.3711369043460158e-08 1.8478222832331450e-04 3.9834887750183972e-07 -2.2064354162928067e-03 -1.3232332440527231e-01 1.3578548935713492e-03 1.0172216398385793e-05 8.3719760922847889e-08 3.3075613243446411e-01 -2.2394895851764263e-03 2.7523777363423158e-05 -3.7794631177461970e-06 4.6656499829874741e-08 1.8641756659888681e-04 -1.6004412583683999e-08 -3.9671781538185577e-04 6.3341514215937711e-06 -1.4976888793929790e-04 -5.4974560762808974e-02 6.9313864599354627e-05 3.9330102928507126e-05 2.6888831387679104e-08 1.2005548528951199e-01 6.8128101318643219e-02 6.5431013708416594e-08 -3.9403141235797717e-05 -8.2217524820380406e-09 5.0436104215992596e-05 -2.0004465849402890e-08 -2.3537160979388059e-05 -8.7357530407562584e-02 -5.9148656289195300e-01 -5.2254560141673539e-02 -2.9652952194521374e-02 1.7327883524919708e-05 -2.8898789556589747e-04 -1.0160791270401198e-01 -2.5568527671349855e-05 3.9466114833647709e-05 1.4804747730971755e-08 -2.8878497436590317e-04 -1.0158641778814489e-01 2.0760057023613117e-05 -4.2160487123269574e-05 2.1936801766720160e-09 3.2581340213614413e-05 -2.9861552022330119e-03 3.1794106675617216e-06 -1.1472002150219108e-05 -2.5537123985426221e-09 3.2576209370124822e-05 -2.9856130743951760e-03 -8.2173943203608225e-06 8.6113311608337282e-06 -4.4428583638102014e-09 -2.2721989061861682e-06 -4.9184916658490975e-04 -1.7144496873385989e-06 -9.7323035064040248e-07 2.1903674770069182e-09
-3.8811641395749854e+00 -1.9897876936305874e+00 -1.4343114878342345e+00 -1.2726171392292274e-01 -7.2250061029137391e-02 4.2289306602882935e-05 -1.0911461366475617e-01 -6.1943813664798286e-02 4.1296105900566290e-05 9.6889557559351691e-02 4.2011586889402529e-05 1.6456435943298192e-01 4.2208475588024732e-05 5.7888750381484465e-02 -3.0987979553463424e-01 -5.9001332005064056e-01 -7.8499252527312979e-01 5.2968534419714913e-03 5.4453169365201859e-01 -1.1952496478803373e-04 -1.7205565475649970e-02 1.0240445746167204e+00 -2.1607703281770457e-04 2.1363490828704701e-04 1.1212730108511610e-04 1.4608992068288229e-01 -1.3412918789831136e-06 2.5798746735585709e-01 -3.0981745784573500e-01 -5.8994098601154166e-01 -7.8494137295246436e-01 4.7016012709310351e-01 -2.7464295348088097e-01 -7.4696538871016566e-05 8.7032317052867825e-01 -5.3986223987581017e-01 -1.3902465085119929e-04 2.2721127525640972e-01 -3.9738552640648296e-05 1.4606504047104973e-01 6.3280606563762627e-05 -1.2211094316118709e-01 -2.2070314781481434e-03 -4.8009381187353234e-02 -2.2140308841820566e-01 3.1207035402528061e-02 4.8813362118521136e-02 -6.7393812526505751e-06 2.4269270457120395e-01 3.7214095193102459e-01 -4.6918601545032387e-05 -4.5313027413437956e-02 7.5991563661833067e-06 2.4985186373148324e-02 8.3046213856705596e-06 1.8237327254187197e-02 -2.2064409667585448e-03 -4.8002770403748590e-02 -2.2138510977311832e-01 5.7902331812744817e-02 1.7585400403870343e-03 3.6729286107562372e-06 4.4390676675666452e-01 1.7512601530857114e-02 5.0912438207313660e-05 -5.4220678376348070e-03 2.2538926407285446e-06 2.4982565422650954e-02 -9.3171977519106234e-06 -4.8539567747447582e-02 -1.4976582142116237e-04 -9.8237826756428850e-03 -1.0952597865822400e-01 1.0283538298201715e-02 5.8356835695827433e-03 3.9400417996988531e-06 2.0754108144098526e-01 1.1777412883776883e-01 7.5095854899708499e-06 -8.1584850232215948e-03 1.2121021291870770e-07 6.5508724972812779e-03 -8.6225045784143549e-07 -4.8736251051294879e-03 -2.5675472793209120e-01 -5.7920550342133792e-01 -1.3737406873440894e-01 -7.7955815766746261e-02 4.5147801410295432e-05 -1.4790824261097839e-02 -1.6903895004489200e-01 -9.6415942727222648e-03 1.7529624826679670e-02 -1.9683407933678490e-06 -1.4784151833257986e-02 -1.6900852744633621e-01 1.0102725336891669e-02 -1.7260151371525638e-02 -2.1602577325493905e-07 -2.9611722038799262e-03 -1.5772103554689783e-02 -4.4896009493134554e-04 1.4409672480286808e-04 3.3215319721609029e-08 -2.9613463874055236e-03 -1.5770151050929798e-02 -1.0647888151589300e-04 -4.5936624105537521e-04 -1.9143070239927506e-08 -1.8958615003817223e-04 -3.5189554007853119e-03 6.4341228243417235e-05 3.6550102345667437e-05 3.9547626156264342e-07
-1.8423633968748501e+00 -1.4343114878342345e+00 -1.1953938885155946e+00 -1.1551905066462242e-01 -6.5581492532271468e-02 4.8748170268788938e-05 -2.2409457274049749e-01 -1.2719984241823601e-01 8.2355998965128331e-05 9.9852549652574007e-02 4.8392657442209058e-05 1.8247885309902198e-01 4.8393484573021007e-05 5.9657186996114997e-02 -7.6561806615443662e-01 -7.8499492047971930e-01 -8.3423506061095232e-01 -2.6144799853806411e-02 3.6166914442851450e-01 -8.2281171759906449e-05 -9.2341709038193276e-02 6.8020679288136154e-01 -1.4713428215725084e-04 -2.1607100285359310e-02 8.3405452744348622e-05 1.3571652727689931e-01 -1.4768821588392335e-06 1.7106527063360599e-01 -7.6556433999033491e-01 -7.8494193312914362e-01 -8.3419594782886186e-01 2.9707091152801324e-01 -2.0788506538146367e-01 -6.6209284419143147e-05 5.3661526887374578e-01 -4.2806531129306524e-01 -1.1166677898887022e-04 1.4034733694555557e-01 -4.0044276285948233e-05 1.3569828748621315e-01 3.0416936885840868e-05 -1.0012023361231764e-01 -1.3233631246785615e-01 -2.2140083361064256e-01 -3.7641419867611337e-01 9.4264524064956445e-02 1.2484863787266509e-01 -1.6360566392738360e-05 2.9205919052139206e-01 4.0857442677802158e-01 -4.5776122432728103e-05 -6.3475837731317819e-02 9.4718621414176826e-06 5.3133221579438006e-02 3.9714773922404914e-07 -1.4788499338037664e-02 -1.3232329533166162e-01 -2.2138960977794087e-01 -3.7639697348727008e-01 1.5551934168084602e-01 1.6901817149378717e-02 2.7022710517687966e-05 5.0051237389734560e-01 4.1210705819688387e-02 9.6432496282104958e-05 -4.3112115877010561e-02 -8.9127752052943001e-06 5.3134550665774161e-02 -3.2719944693080364e-05 -4.8880268904858526e-02 -5.4974535983821252e-02 -1.0952924619873605e-01 -2.3369303192749014e-01 6.8314277191081740e-02 3.8767776603725435e-02 6.6794842318719173e-07 2.9297432144145885e-01 1.6625742410895517e-01 1.6695857057686840e-05 -7.7983850422599366e-03 6.0889402975964978e-06 2.7751202662976787e-02 -5.2963865202901071e-06 -4.6563457952349674e-03 -2.7809236236033641e-01 -4.9009189790432917e-01 -8.7505092786908545e-02 -4.9656628383994872e-02 2.9698503245266029e-05 -8.5263404556995270e-02 -2.4737919114979112e-01 -3.4775654925773059e-02 3.4343324211663750e-02 1.1468872716861823e-07 -8.5248649779274932e-02 -2.4734727621757457e-01 1.1651531296418771e-02 -4.7457389591825050e-02 3.7491714004936475e-06 -5.8055525081971426e-03 -5.8936977336327134e-02 1.5507578798321445e-03 5.1375565297615798e-03 -2.9089731573335069e-07 -5.8051277450717614e-03 -5.8932781027773939e-02 5.2051534082817978e-03 -1.3029733900636695e-03 1.2012455862663398e-06 -7.8444056332765792e-04 -2.4364435122030681e-02 9.8674802045321634e-04 5.5993035625725562e-04 -4.2565681604347784e-08
-5.3790042663384718e-05 -1.2726171392292274e-01 -1.1551905066462242e-01 -1.2892725395159665e-01 8.8600751165444330e-02 2.3498880789898598e-05 -5.2071994366297503e-01 6.2037124882624646e-02 3.2831832212769967e-05 1.1714762988492142e-01 -3.4030514882213746e-05 7.8073433937657422e-02 3.2876017295304635e-05 -9.0957512937635321e-02 -3.0712134668981969e-03 -2.7477490027841833e-03 -3.1479607579586399e-02 -1.4945045371685239e-01 1.0072045702980703e-03 -1.8175794772452238e-05 -2.3506038389097661e-01 6.9264528914093293e-02 -1.6802424619742111e-05 1.0109849709134355e-01 4.4616016533570826e-06 3.2000211482634267e-03 -2.1336220943015999e-05 -7.5726150443000684e-04 -3.7253003048870892e-01 -4.6886697328174787e-01 -3.2625249053172878e-01 2.7141719472301284e-01 -2.4400518746470734e-01 -7.3491330524781120e-05 7.5182660241737143e-02 -1.7447283636726185e-01 -4.7516861045087387e-05 5.6587207598735922e-02 -2.2213781682192159e-05 1.9672079432324630e-02 1.5267530051969128e-05 2.8156114121078435e-02 -6.7037201722483573e-04 -2.7433254255975092e-02 -6.3124688198795464e-02 1.7321594799589335e-02 3.4228456085621750e-02 -3.5728154034520776e-06 8.6150968311754506e-03 1.2256375757568150e-01 -1.5895545104721977e-05 -2.2603965963877717e-02 6.2573259883848164e-06 1.5995337417824232e-02 6.8645735658307284e-06 1.7842503669872237e-02 -1.3575622271796651e-03 -5.7869517517978197e-02 -1.5524784457317353e-01 7.9212956644520660e-02 1.5130028453932388e-03 3.5979856676379902e-06 2.7417744773128128e-01 2.6990080905117772e-02 3.7641638276448717e-05 -6.4651197619473551e-03 3.8828343129185313e-06 3.5211798568827835e-02 -1.3279554703723722e-05 -6.9188538970194946e-02 -6.9310335907226499e-05 -1.0283720884018029e-02 -6.8311817533980301e-02 1.1778269288067932e-02 6.4227589870243691e-03 7.0589120717279356e-06 1.0984056864324954e-01 8.9504035762989709e-02 6.9441237279501096e-06 -1.1296752690442318e-02 1.5136494853253269e-07 6.9987385190497832e-03 -1.1864625470549214e-06 -5.9964727163738657e-03 2.4782838890282588e-01 1.8615232803963866e-01 8.8043828625372855e-02 7.8894873079439098e-02 -4.7299443436373879e-05 1.3607012026024361e-02 4.8022924886671814e-02 7.5742639253125734e-03 -1.3729366255659646e-02 -6.6235874383259713e-07 -3.7032033828482205e-03 -6.9275827936688961e-02 5.3706574422499129e-03 -9.7464102587594310e-03 -1.2173795092469818e-06 9.5963799411211701e-04 -2.6846263394207925e-03 -2.1545412522394727e-05 -6.2385630423123168e-04 7.7561422479356721e-08 -3.2363600626252324e-03 -1.4837084001714615e-02 -1.1298593478628889e-03 -1.8931082284924893e-04 -7.0481914097546886e-07 -1.0635454759141563e-03 -3.4214744206379957e-03 1.3464959217689823e-04 1.3714085908731385e-04 7.3958612114778367e-07
-3.0614109845047976e-05 -7.2250061029137391e-02 -6.5581492532271468e-02 8.8600751165444330e-02 -2.3479882982072908e-01 3.2203128777552054e-05 6.2036225361070660e-02 -5.9484396932880923e-01 3.3633111689987562e-05 -9.8557900862789261e-02 8.9651792386566761e-05 4.4325234860119189e-02 -3.3061570173294444e-05 2.2474303512741289e-01 -4.3218288420845896e-01 -5.4454896145358056e-01 -3.6124124453616302e-01 7.3547775514749281e-03 4.1657139453474290e-01 -1.2648249327766527e-04 1.0816532407997764e-02 1.3801065686389702e-01 -7.9103460445685992e-05 -2.5505856752147671e-04 4.0682325858252709e-05 2.0998425922918118e-02 -2.9235016679409929e-06 4.2926518006125569e-02 2.1892501638721296e-01 2.7684279298534431e-01 1.5819145868578843e-01 -2.5035578004722847e-01 -4.2942687791890921e-03 2.4318062874946901e-05 -1.1601857589701337e-01 -1.7221252911170359e-01 1.8071130934581737e-05 2.1256034970975057e-02 -4.1805696278755122e-06 -8.0228827967290250e-03 -1.6296072462621144e-05 8.7278190127262345e-02 -1.1813436959949523e-03 -5.1030501145042068e-02 -1.4314298250872759e-01 3.8490097262932038e-02 5.7872959713617944e-02 -1.2587758454810255e-05 1.8563217443672020e-01 1.8485853126734542e-01 -3.4510163362619188e-05 -6.1035579259727968e-02 1.1835116072880953e-05 3.1465530818021240e-02 1.2941078972737418e-05 2.0917464719419548e-02 3.0285555576308302e-05 2.6161941042691580e-03 1.9207106565292453e-02 -2.7462764223346635e-03 -4.0270414675852677e-03 3.9253745531585163e-06 -3.6063561195431422e-02 -8.0711273741168155e-02 -6.2078948957077292e-06 9.6783605765417419e-03 3.4283776947680546e-07 -2.4032725433962131e-03 1.4622721870695009e-06 8.2956423834234811e-03 -3.9327632047974794e-05 -5.8357808099753460e-03 -3.8765147648101184e-02 6.4227592569647690e-03 4.1047329603665500e-03 2.8478734209612160e-06 8.9503848210582548e-02 2.9089061618186585e-03 4.1080600032450775e-06 -5.6393154178153541e-03 -9.3585832170714251e-07 3.9714748809911715e-03 3.6325027617764549e-07 -4.6935106628311230e-03 1.4063970419471150e-01 1.0563103370364035e-01 7.8895593770283545e-02 -6.2142796344228091e-03 -2.6472526093101740e-05 -1.2445575046812513e-02 -1.0938956378546283e-01 -1.1066151894378127e-02 1.9395797247252829e-02 -2.9577183753487056e-06 1.8055805921133719e-02 9.7304881827138923e-02 -1.2410027158335554e-02 2.1590641666991914e-02 -1.4019237426083954e-06 -4.3421940256068844e-03 -1.5680607853961165e-02 -8.5127180816496639e-04 -6.4438703012637032e-04 -1.9152321526165684e-07 3.0507299034566726e-03 5.7355723851961003e-03 3.8246428040014863e-05 4.6405824025350914e-04 2.0916363761290281e-07 -6.0346197499811535e-04 -1.9414280380313483e-03 1.3710396510990391e-04 -2.9151458885364707e-05 3.9149716840781452e-07
2.7539611302584929e-06 4.2289306602882935e-05 4.8748170268788938e-05 2.3498880789898598e-05 3.2203128777552054e-05 2.9002397023839777e-02 3.8052270237805394e-05 3.5756211836206414e-05 -3.5475743220297851e-01 -2.4238863403285337e-05 -3.5147055706113706e-02 1.2389229012407555e-05 -6.1908596188964715e-02 -2.0589829092393754e-05 9.2693614082716008e-05 1.1706820639336096e-04 9.0314284788659211e-05 -8.3039767323604967e-06 -1.2507303442587932e-04 -2.1080928714093505e-01 7.3358906896888164e-06 -9.7034912804886764e-05 -2.4339343628507093e-01 -3.6619288162794946e-07 1.1350163303665450e-01 -4.4323685591069351e-05 -2.1339005117164342e-03 -2.9948720914924239e-05 6.1365461573683334e-05 8.4758282428438808e-05 6.8773621268002863e-05 -6.3584885755880310e-05 3.8415960681488113e-05 -2.1078555334761040e-01 -5.0114629241016038e-05 4.7076084978477388e-05 -2.4337773498947968e-01 -1.8015641623000196e-05 -6.0029268361923460e-02 -2.7185669282413986e-05 9.6345437366290865e-02 7.8362267840715542e-06 1.3311048000031790e-07 6.8652000661509590e-06 2.8375530932548765e-05 -1.5902318356058141e-06 -9.4720716505896906e-06 -1.3601288438170218e-02 -3.3852067926459827e-05 -5.0953778507809337e-05 -7.0648833713224390e-02 9.6938437835251710e-06 1.4825306944520018e-02 -4.5490878911072983e-06 2.4697811302955473e-02 -7.6685262704866977e-06 -1.4636958380547799e-07 -6.0658779173410350e-06 2.5228949310408545e-06 1.2114031243555318e-05 4.3469877565017037e-06 -1.3598692278758786e-02 -2.2168236108051332e-06 9.9049365515081299e-07 -7.0642226829299548e-02 -7.6831978722719487e-06 1.3601185456555358e-02 9.8710372850222385e-06 2.5390466128505703e-02 -8.0441900971107021e-06 1.0878100875535058e-07 -5.0152496644451476e-07 5.5581772972589699e-06 -7.9876145787755829e-06 3.2401252699112073e-06 2.3624947855665917e-02 -1.6030267145665914e-05 -5.5530494882049269e-06 -1.5030757290019375e-02 -4.7501551118391181e-07 2.4635365729755833e-04 -2.3893186400138730e-07 4.3424842163375648e-04 2.1339212690797503e-07 -7.2305157524762704e-05 -5.4613351420674150e-05 -4.6703547803229688e-05 -2.5785312495469020e-05 -5.3445645447371348e-02 -6.5503194164231970e-07 1.3949628312488556e-05 -3.9913148466867956e-07 -2.5707589931119259e-06 -8.0433615459776855e-03 -6.1114377201360980e-06 1.5730087765855874e-06 4.5295473065065455e-07 -1.7861951656110475e-06 -8.0412209347732987e-03 1.3521027752913983e-06 1.6072364811471814e-06 4.1041465393356591e-07 -6.1722018638851573e-08 1.6443541466580223e-04 3.0139284050335938e-06 -9.5851105208264255e-07 -3.6902153427138450e-07 7.2632872046146464e-07 1.6449211132343996e-04 4.0602948564271566e-07 5.8829917682299957e-07 -1.0099503818860280e-06 1.2452621145141264e-07 2.3246445668934977e-03
-8.3178071656701130e-04 -1.0911461366475617e-01 -2.2409457274049749e-01 -5.2071994366297503e-01 6.2036225361070660e-02 3.8052270237805394e-05 -5.9704641855419993e-01 1.0081110100172046e-01 8.4045642058377506e-05 1.2615832869908453e-01 -3.3683087624105667e-05 7.8696368761774549e-02 2.9726536590121233e-05 -8.8562110743332201e-02 -1.0902329121547264e-02 -3.2332975695360755e-02 -1.0237699307872661e-01 -2.3616939002779347e-01 -5.2869034799596926e-03 -1.2714694001858599e-05 -3.2008654056506192e-01 9.4210139888863287e-02 -1.5541746856761080e-05 1.8154083730550941e-02 1.4466368644492889e-06 1.9641357989558628e-02 -1.2732625314329125e-05 -2.7085704918760972e-02 -1.2623506503519315e+00 -8.9541051134563343e-01 -6.3522847926689341e-01 1.0057982474659832e-02 -2.1080039227263470e-01 -8.1889207615757080e-05 -1.6762104952607748e-01 -1.8224953575026737e-01 -6.1842618741965753e-05 7.6503647385962603e-03 -4.6172693423717837e-05 9.9798650198022504e-02 -1.9511271327715365e-05 -3.4059531250862141e-02 -1.6734321606249039e-01 -2.0681412768283924e-01 -2.1458687604665627e-01 1.1942894430077622e-02 1.2442536910624225e-01 -2.0341062495436073e-05 -7.3539079898305160e-02 2.1665089625095257e-01 -3.5714533411053450e-05 -3.7727360996302195e-03 1.2173165424990499e-05 3.4891048082908382e-02 -6.6646978272337868e-06 7.8724216924342949e-03 -3.3075292133098011e-01 -4.4360917125719279e-01 -4.9985518570963183e-01 2.7424299849198386e-01 3.0797289063708891e-02 5.6668783646225121e-05 4.3726198590831888e-01 7.8266223145897151e-02 1.2687772144895988e-04 -8.6943140175653230e-02 -1.9012650852419194e-05 8.9881039202735713e-02 -6.3795834647329178e-05 -5.8138792573961817e-02 -1.2005544176466421e-01 -2.0754890621554334e-01 -2.9298081446595781e-01 1.0984610094853742e-01 8.9511001320338401e-02 5.9577374738430396e-07 2.1312334424114177e-01 2.4227830484389923e-01 1.0164174989798469e-05 -1.4429069340155642e-02 1.3402166114727850e-05 4.6555520603176859e-02 -7.9230780515169862e-06 1.5683875330404967e-02 2.5793700236695516e-01 1.4224414746927438e-01 5.6880398305088065e-03 5.7825150402255332e-03 -4.8669254903518531e-06 8.1390155859323965e-02 7.1794541728934735e-02 1.8047299865664529e-02 -2.7363488772260247e-02 -1.9940261073867415e-06 -9.1857090391018303e-02 -2.1540277821455200e-01 -3.7310193764688027e-03 -4.9664867880577335e-02 3.9163883945083489e-06 -3.5111928175124429e-03 -3.5260728096259908e-02 2.5717198119550077e-04 3.6704867042864561e-03 -2.9698975377051746e-07 -1.3810204262019565e-02 -1.0954756601556814e-01 1.2161592956735662e-02 -3.1242075332577543e-03 2.9313315934567464e-06 -1.9642386378335725e-03 -4.4050763534687065e-02 1.9700372976745387e-03 1.2998633629838574e-03 1.0346229779967414e-07
-4.7222584701141559e-04 -6.1943813664798286e-02 -1.2719984241823601e-01 6.2037124882624646e-02 -5.9484396932880923e-01 3.5756211836206414e-05 1.0081110100172046e-01 -7.1747818692683296e-01 8.5286041079367809e-05 -9.6508493218536717e-02 8.9243299679032416e-05 4.4677099979955393e-02 -3.4061851170356492e-05 2.3122586748110685e-01 -1.4639210967333054e+00 -1.0236817998754075e+00 -6.7877358281845179e-01 -6.3744490806942111e-02 1.3911495790955541e-01 -8.7740699853123150e-05 -9.1196391664219778e-02 -1.1505896622365974e-01 -3.0989936173398064e-05 -4.1538255952085337e-02 4.8100434607229250e-05 1.0452061518254216e-01 -5.3612713919371267e-06 4.2836618481659566e-02 7.4126737942963883e-01 4.9714374878635148e-01 2.6015439154483389e-01 -1.5234259792703542e-01 -1.0708707314945443e-01 1.8833652364649985e-05 3.1669105748353132e-03 -2.6748889480454352e-01 1.6012171723992700e-05 -2.2323611234678409e-02 1.1201255212803978e-06 -3.6729104273273611e-02 -1.1150536167152506e-05 5.3910378951518734e-02 -2.8534492784573051e-01 -3.9320689869385461e-01 -4.5407284189007857e-01 1.8747580295228783e-01 1.8152057016274759e-01 -3.1738331749762223e-05 3.8338036465567038e-01 2.6109376279368623e-01 -3.4039980147092101e-05 -1.0537723488164141e-01 1.1923420644921619e-05 8.3846464213187755e-02 2.9846167511988423e-06 -6.1770378281034183e-02 2.6617600741351216e-03 2.4086737942163497e-02 4.8623366469679116e-02 -3.2249832541310780e-02 -8.0773048699232297e-02 -5.4369506474920906e-06 -8.8451637307132902e-02 -2.4968786071448346e-01 -2.4641506365279287e-05 5.7924259083838470e-02 1.5416523826701338e-05 -1.3042902818431949e-02 1.2686496960409668e-05 2.6509102751473959e-02 -6.8128076889934275e-02 -1.1777736754814883e-01 -1.6625615726258780e-01 8.9507644581611645e-02 2.9094887883380494e-03 6.1758277616404539e-06 2.4227016445674732e-01 -7.6326473851154444e-02 2.9004639439308024e-05 1.6733547036681840e-02 4.7443302524573941e-06 2.6417868803008671e-02 -9.3816776372546388e-06 -3.2820574344541997e-02 1.4637464962877744e-01 8.0709005076735174e-02 5.7826061004193630e-03 -1.2200527571997744e-03 -2.6307225208375322e-06 -1.5562297225139554e-01 -2.9380149774219388e-01 -6.2681869598070206e-02 4.2278238253859568e-02 5.4246035157701764e-07 1.4965570170096143e-01 2.1227220989332451e-01 -1.4354998197985414e-02 6.4050937381152084e-02 -8.3953668630794456e-06 -1.3990773328071353e-02 -1.0654768160664896e-01 3.9868133283240889e-03 1.1837287748729657e-02 -8.6725009558787312e-07 4.1595288284802523e-03 2.4364069614550343e-02 -3.4407333906939334e-03 -6.8705144934154373e-05 -9.7723390987581451e-07 -1.1146042456467676e-03 -2.4997306396777608e-02 1.2998973487293444e-03 4.1691081174827184e-04 1.4662200893594441e-07
1.0656399806228028e-06 4.1296105900566290e-05 8.2355998965128331e-05 3.2831832212769967e-05 3.3633111689987562e-05 -3.5475743220297851e-01 8.4045642058377506e-05 8.5286041079367809e-05 -1.1157027274434839e-01 -3.0126553062578847e-05 -3.3619723820596359e-02 8.8446131743762085e-06 -5.9220916568928028e-02 -2.5465177007257733e-05 3.1463359060235731e-04 2.1803976590680928e-04 1.5341614941543030e-04 5.7340717013726052e-06 -7.9573996207961059e-05 -2.4339378646791543e-01 3.1066793416302063e-05 -3.6750717791720917e-05 -1.5615625083978735e-01 6.1336333339619047e-06 5.3061744237826725e-02 -4.0148839600538666e-05 -1.5379285349152755e-02 -2.2233251479918787e-05 2.0916041908358740e-04 1.4210648545157946e-04 9.8367802126261492e-05 -4.5231799035889931e-05 2.4436590797201872e-05 -2.4337716549012400e-01 -2.5688124304085202e-05 4.0112128668938810e-05 -1.5614964164319378e-01 -2.0284090243059090e-05 -4.0407170022208172e-02 -2.6298643852958915e-05 3.7660635361004280e-02 1.0487029438499459e-05 4.1020095282520504e-05 5.9740302647095448e-05 8.2347312019771541e-05 -2.9349254938623346e-05 -3.6071003735868915e-05 -7.0645587148190581e-02 -8.0345794314439964e-05 -7.4661987549373503e-05 -1.0135937386960236e-01 2.3326807279113891e-05 3.0301313935656382e-02 -1.7244696952777174e-05 3.5287130395258187e-02 4.7900580536880502e-06 -2.7279808425856884e-05 -2.3270914524173091e-05 1.4395619107858784e-05 1.9779846964502752e-05 -1.0410482628004476e-06 -7.0643071882495634e-02 -4.1684862733031393e-05 -9.0324662571559797e-06 -1.0135626828105959e-01 -4.4530143084680198e-06 1.4755564022985630e-02 1.5509173189993681e-05 4.4109580071159393e-02 -3.0532409453869734e-06 4.7515743092496535e-08 6.7096972162141701e-07 1.9411791276990383e-05 -7.0636057914973438e-06 5.2058052236677002e-06 -1.5029900224717369e-02 -4.3967344137988838e-05 -2.7211125166730280e-06 -5.4580995818862110e-02 -2.7180315521433783e-06 9.1603613569583853e-03 2.4012129807947218e-07 1.6140747891853741e-02 4.0008293500490185e-06 -7.7319824831353565e-05 -3.8847436551545404e-05 -5.1647858526792561e-06 -2.4318545032089725e-06 -9.2749292114322479e-03 1.6271134779244088e-05 4.6412236400073144e-05 6.2980551571682679e-06 -7.3080953921823719e-06 -1.9396373903412978e-02 -1.6597437875671598e-06 1.7849006760607459e-05 7.3466260908920795e-08 1.3432608496170331e-06 -1.9393309624027105e-02 2.3514172709641939e-07 1.1717419993911526e-05 1.0382335917535688e-07 -2.7155286430714577e-07 -2.1608947034074916e-03 -2.2896150383904997e-06 -1.0271110958971243e-05 4.0607491904080707e-06 -8.8231108755135925e-07 -2.1607207521124336e-03 -3.2759928943435628e-07 -1.6883143091543511e-06 -2.1225322387425098e-08 4.0429803610910669e-07 1.0605218132245212e-03
2.6745823141644748e-03 9.6889557559351691e-02 9.9852549652574007e-02 1.1714762988492142e-01 -9.8557900862789261e-02 -2.4238863403285337e-05 1.2615832869908453e-01 -9.6508493218536717e-02 -3.0126553062578847e-05 1.7374599646137696e+00 2.4350839608974741e-05 -6.4941041741342340e-02 -3.1463511559932707e-06 3.2557313037497232e-02 -6.0453091183803615e-03 -7.8345918833025441e-03 1.6548666140961149e-02 -1.0100856832217220e-01 2.5057564706529312e-03 -6.4030554248212669e-06 -1.7939243870984889e-02 -4.0005878525838923e-02 -3.3251759561149800e-06 -1.9479081337554183e-01 1.5803034149198115e-07 1.0968532424703303e-03 3.7041957369903324e-05 -1.1401446651444602e-02 3.7192391045592443e-01 2.2329096264681336e-01 1.5894046026507480e-01 -5.7911748388185913e-02 -2.5678289315947622e-02 1.2047960914959421e-05 -6.6384222761154577e-02 7.7642163441149492e-04 1.1814621326268341e-05 2.0272249720534830e-01 -4.3383097461620725e-05 1.7219392908312225e-01 9.7776594245303512e-05 -2.1802365859195127e-01 -3.4178852052758803e-04 -3.9331348878509254e-02 -2.0780257854031314e-02 3.0380835886921823e-02 4.7924721447003299e-02 -7.6880234982407965e-06 -1.7566123621487739e-03 8.9627051758511822e-03 -3.9831742045839914e-06 -3.8340797973001495e-02 1.0043965177690807e-05 2.4232642460494475e-02 5.4293372150772442e-06 2.2796924419672890e-02 1.5529906867109602e-05 6.8575884240376240e-03 4.4541437816328300e-02 -8.6581772105735338e-03 -9.7926589291114224e-03 3.4193511528075151e-06 -8.9487315614440441e-02 -5.7358939513537543e-02 -1.2849787767547494e-05 1.9545708617109844e-02 5.9039945777377681e-07 -5.3148360506285863e-03 1.0830292258296672e-06 1.0618782072870356e-02 -3.9399869020534021e-05 -8.1585036997865457e-03 -7.7983243893712806e-03 1.1296678231848628e-02 5.6391586959133010e-03 -5.3933885198458779e-07 1.4427486474209883e-02 -1.6731289720768677e-02 1.0416205820129277e-06 -6.8452517035404933e-03 -1.2593083268812051e-06 5.1735072687786876e-03 -2.3182392667236797e-07 -7.3979018832575037e-03 -7.3091984982833202e-02 -7.5681103158919960e-03 3.7052758739734681e-02 4.7034522671152434e-02 -3.8773781853881743e-06 3.1102001890886331e-02 3.1276523359395181e-02 1.2040125712830176e-02 -1.6067881069572649e-02 2.9170429102284967e-07 2.2792506859104854e-02 6.3655754071058279e-02 -6.6015486033709500e-03 1.7741203539512768e-02 -5.8330014993006918e-07 2.6385900785649567e-03 -8.4327629446163260e-04 1.1524574819922729e-04 -7.3631185726721524e-04 -2.1792047614708887e-07 1.5822190821136856e-03 6.4731725853787239e-03 1.1606889692954163e-04 1.7485422438692449e-04 2.5172898232772806e-07 -4.7000179670694835e-04 -9.6510893026692003e-04 -3.3010272332225504e-04 -7.3971026222168602e-05 -2.1223457144392510e-07
8.4679742798244469e-07 4.2011586889402529e-05 4.8392657442209058e-05 -3.4030514882213746e-05 8.9651792386566761e-05 -3.5147055706113706e-02 -3.3683087624105667e-05 8.9243299679032416e-05 -3.3619723820596359e-02 2.4350839608974741e-05 1.8664536935343179e+00 -7.5304963551568245e-06 2.7726695007278666e-02 -5.1420509258280110e-05 1.8292981182404340e-04 1.1155975327075741e-04 8.2417919076773231e-05 -4.1376996446945333e-06 -4.1536748363719738e-05 -1.1345793189712605e-01 -8.2664984285496306e-06 -4.4592416116857371e-05 -5.2828215834318515e-02 -9.0039227268974212e-07 -1.7940283541207425e-01 1.4510710683043404e-04 -7.2699559227736993e-03 1.8036927460727214e-04 -6.1832872097682169e-05 -4.0140477057790331e-05 -1.2111860865783857e-05 1.9633532445784314e-05 5.6101900819256588e-06 5.4905098930546847e-02 -1.0930978102640472e-05 2.9072242510882465e-05 1.3209134548257340e-02 -4.2855403678733516e-05 -5.4845225506365558e-02 -5.0476322938602003e-05 7.9152551430562879e-02 4.5743021662755356e-05 1.7398461359639707e-08 1.1405053600561777e-05 2.8650179060196268e-05 -7.7397569065938948e-06 -1.4813262806943940e-05 -2.8791660787709113e-02 -3.8363789404604183e-05 -3.9534626350593304e-05 -4.5580642863661369e-02 1.5999345822647720e-05 1.7734406169117388e-02 -1.1058671150355840e-05 1.6636561970246752e-02 -5.9051064124354719e-06 5.4128659215679525e-08 2.8404392090869426e-06 -3.7575034282754863e-07 -7.3316626120811940e-06 -1.8178940515560783e-06 1.3974710392888608e-02 -1.3225073578158807e-06 7.1212200267111029e-06 1.5407039078020912e-02 3.1176726450333752e-06 -2.9375605339008013e-03 -2.3905308657932153e-06 -4.7000338861833448e-03 7.9554320141749243e-07 2.6862192626119490e-08 -5.8970763889866152e-08 5.0460671373585266e-06 -6.9780931733325281e-08 1.7746236672042202e-08 -2.4622970731263266e-04 -1.2452581900673163e-05 -1.0261684262160561e-06 -9.1595051553442497e-03 2.0860760640376805e-06 -3.3555722665661973e-03 1.7060659291250816e-06 3.6111161796179799e-03 -4.4329425616068006e-08 2.1327132672328494e-05 1.8092095927255223e-05 -5.3853983415447573e-06 -1.4889215182610309e-05 2.2273961974177470e-02 -1.8385918363638168e-07 2.0201720235038891e-05 5.2132914797945675e-07 -2.8308701641710372e-06 -4.6780332987449002e-03 7.5293964202325512e-07 -6.2503481723960497e-06 2.8847983032142435e-07 -3.4034814430325875e-07 3.7125960558419121e-03 -5.3059313874603755e-07 1.0228408919061490e-06 3.3583498952020433e-07 5.6515638932120632e-07 -1.2659516967083828e-03 -7.7718206869088360e-07 4.9590007677129385e-07 -7.6621184147530760e-07 1.2457650526575304e-07 9.9407870719555756e-04 7.4348461364932089e-07 4.1153921984615697e-07 -1.3029855027170496e-07 -4.2313248793315338e-08 8.9860554472007557e-05
3.0782509033781980e-03 1.6456435943298192e-01 1.8247885309902198e-01 7.8073433937657422e-02 4.4325234860119189e-02 1.2389229012407555e-05 7.8696368761774549e-02 4.4677099979955393e-02 8.8446131743762085e-06 -6.4941041741342340e-02 -7.5304963551568245e-06 1.8546215338562710e+00 -8.1753169797733353e-06 -3.8803807260441955e-02 2.4532825415594600e-01 1.4608931328898311e-01 1.3571436684180493e-01 2.8901568851346093e-03 -2.1041829515255239e-02 4.5939105360330752e-05 1.8093485424771960e-02 -1.0479548470269971e-01 4.4049351966838810e-05 -6.8548588456135984e-03 1.4373824531482100e-04 9.7614907564312015e-02 4.0908070850810213e-06 1.9487577978355308e-01 2.4525817056747756e-01 1.4606479729022781e-01 1.3569809741177330e-01 -1.6587769542930175e-02 1.3272828069951892e-02 2.9418262414296369e-05 -8.0688227770429582e-02 6.9269135767663859e-02 2.9754093963397339e-05 1.6832118207714419e-01 -4.5786721883698893e-05 9.7603030281035785e-02 8.3639966419639562e-05 -9.8426986060011823e-02 1.8648093111418314e-04 2.4985696380201691e-02 5.3136031544691875e-02 -1.9691035467428342e-02 -2.9295284514920417e-02 1.0393261256075103e-05 -5.6242360757851384e-02 -7.1313103964582014e-02 2.1029896765766074e-05 2.8971823967401916e-02 -1.0539463738411504e-05 -1.9152649702262235e-02 -8.7771019920762607e-06 -1.0585972708561507e-02 1.8641805321103819e-04 2.4982186120852332e-02 5.3130020330983074e-02 -3.5243291845354352e-02 -1.8811727756033697e-03 -4.1509092766434940e-06 -9.0054547624417780e-02 -1.1710398217491001e-02 -1.2603278894794060e-05 4.4122769864699757e-03 -2.8302492522979451e-07 -1.9149981799257393e-02 8.1934751095074894e-06 3.0524313226536148e-02 5.0437270385032904e-05 6.5507508641717976e-03 2.7747605390767816e-02 -6.9986418338385328e-03 -3.9715009842084727e-03 -8.8669222389349649e-07 -4.6547919207030664e-02 -2.6414333233107767e-02 4.0118952746251555e-07 5.1737051369191486e-03 3.6614530350904434e-07 -3.0767769642322694e-03 -5.5779752198134081e-07 3.0905554096206656e-03 4.2013554634157790e-02 5.4276094391874585e-02 -3.2314985836861765e-02 -1.8337828549353175e-02 -1.1201949276641522e-05 1.0301416908166137e-02 3.7908873317821862e-02 5.6831976731798210e-03 -8.7201442537429997e-03 1.7159140051376126e-06 1.0297954130073353e-02 3.7900837584954605e-02 -4.5705238858625222e-03 9.3466421941582507e-03 1.2012589273167577e-08 -5.8631221859636970e-04 4.5000634217094611e-03 5.1116429084649678e-05 3.8727647452204160e-04 2.5885763807501285e-07 -5.8623762335908286e-04 4.4991968982634814e-03 3.5868573274711616e-04 -1.5468700315939267e-04 2.2988509641463862e-07 1.9077621320870886e-05 1.2082570633244038e-03 2.3936546516675088e-05 1.3584781642639034e-05 -9.2508121947425740e-08
3.3095241621767017e-07 4.2208475588024732e-05 4.8393484573021007e-05 3.2876017295304635e-05 -3.3061570173294444e-05 -6.1908596188964715e-02 2.9726536590121233e-05 -3.4061851170356492e-05 -5.9220916568928028e-02 -3.1463511559932707e-06 2.7726695007278666e-02 -8.1753169797733353e-06 1.8995886843695065e+00 2.3172239312897272e-05 1.1068366606146382e-06 3.9024223044289253e-07 1.3496413450854046e-05 2.3201676360170870e-05 -4.2140261094031567e-07 -3.8099768312361421e-03 1.7640519743140372e-05 -3.2794022145798539e-05 -1.6159953132477700e-02 3.7133905369602055e-05 4.7954635845692123e-03 -2.9115810438630751e-06 -1.1904123956009260e-02 8.4826613491024126e-07 1.0494263709094975e-04 6.6743621439835539e-05 5.5104503923265983e-05 -1.8159701062274111e-05 1.6106813185841145e-05 -9.9355156828285329e-02 -3.3245006213543810e-05 2.0416476714068708e-05 -5.3632670363490176e-02 9.5079392557468386e-05 6.7087821416059068e-02 8.0944529812002107e-05 -1.3640511820982537e-01 -3.6038069896839736e-05 5.7536211934255117e-08 6.4370876766065242e-06 8.2914287500126854e-06 -5.5890899107312550e-06 -8.2126534904294963e-06 -9.1843527064718392e-04 -1.8726739489960352e-06 -1.5842826858719801e-05 -9.2762590406355039e-03 6.3830572298485082e-06 7.6475495972072802e-03 -5.4566438253886048e-06 4.1916670362110321e-03 -4.4347073307078250e-06 -1.1003363517434927e-07 -5.6180392089440574e-06 9.9123167039703229e-06 1.2422492845438963e-05 8.8485313534711890e-07 -2.5186031391625313e-02 -2.1953734787501716e-05 -3.4100727373581131e-06 -4.3884575028127371e-02 -2.8012727297060331e-06 4.2882570186334231e-03 9.5843630300796016e-06 2.4860482638718907e-02 -7.6142817852962705e-06 3.1988509743998042e-08 4.4177611212096288e-08 5.3017575902622629e-06 -9.3832804288899057e-07 1.5706069786363317e-07 -4.3407715341889537e-04 -9.5343482294887938e-06 -7.5638051967105058e-06 -1.6139923247042498e-02 -9.0340423003939814e-07 3.6113385855655786e-03 -8.5223939809856854e-07 9.5869325498979668e-04 6.3161856483073499e-07 3.6666453032135112e-05 2.2532002582046360e-05 -2.1979929836848239e-05 -5.8261693585484609e-06 3.9251660098539864e-02 -4.7489018555738979e-06 -4.6826434411232384e-06 -1.7507360690972461e-06 2.3833058787879270e-06 1.5319516226672109e-03 -4.3562622052684537e-06 8.0694629392133413e-06 -2.7490268606156956e-07 -1.2165850904403369e-06 -3.2295418664757772e-03 -4.8454660448854409e-07 -7.4262274545783160e-08 -9.1552740236783001e-08 4.1419326693783867e-09 4.0183313887205555e-04 6.0431441342838380e-07 -1.9634231982581733e-06 6.9315819516943863e-07 -3.3369833793285765e-08 -8.8070188496401376e-04 -2.6933365217262797e-08 -1.5876268025731888e-07 1.9911621241108913e-08 2.9429594657754898e-08 1.5836755283469729e-04
1.5981082389120750e-03 5.7888750381484465e-02 5.9657186996114997e-02 -9.0957512937635321e-02 2.2474303512741289e-01 -2.0589829092393754e-05 -8.8562110743332201e-02 2.3122586748110685e-01 -2.5465177007257733e-05 3.2557313037497232e-02 -5.1420509258280110e-05 -3.8803807260441955e-02 2.3172239312897272e-05 1.7023775847507991e+00 4.2579834155281060e-01 2.5786854715069563e-01 1.7163756893830595e-01 -4.3751408191890625e-03 -4.2855110603834845e-02 3.3341280883199178e-05 -2.8245179701152978e-02 -4.3649594225357982e-02 2.6183742329720632e-05 -3.9979767091898981e-03 1.7987826119347751e-04 1.9499205153175347e-01 2.8828155951686482e-06 3.2629062000931164e-01 -2.0714696482635314e-01 -1.2913992474164360e-01 -6.6791964235339729e-02 -2.5194397915090039e-02 -8.6119072066836555e-02 -1.6217908954805694e-05 -1.3707118790841077e-02 5.3994237863979055e-03 -1.3940218997132757e-05 -2.2542543096619250e-01 4.4013419639250405e-05 -9.1481769932249990e-02 -4.1395575308336566e-05 -7.1178888374229476e-02 2.0166744494531642e-04 2.8967019011337483e-02 6.1785548663894158e-02 -3.0952127042832844e-02 -2.8542350955031603e-02 8.4351316609642301e-06 -1.0711754474584245e-01 -5.8684278753345004e-02 1.3513277810220972e-05 4.1789275800299855e-02 -6.5888601808076100e-06 -1.9084530659014443e-02 -8.6714471978670370e-06 1.5578482250574125e-03 -3.9642919369350059e-04 -4.8356451613949358e-02 -4.7582706546068110e-02 6.9076487667425079e-02 6.9821954486066580e-03 7.8424618156118415e-06 5.5902467108241760e-02 2.3951885595467338e-02 1.2949706038406777e-05 -8.3692855525876342e-03 -1.4954958969546324e-06 3.0380166313744655e-02 -1.4589251067658524e-05 -5.6327030823371843e-02 -2.3535223931298154e-05 -4.8738331515711733e-03 -4.6585043713597007e-03 5.9964676164769096e-03 4.6938631938411059e-03 -5.9013380534809988e-08 -1.5677882360126821e-02 3.2819983588957991e-02 -6.1144541524784817e-07 -7.3980917940590727e-03 3.0069511325759118e-07 3.0905419752668330e-03 -3.3291137108814853e-07 1.1200161064257867e-03 -4.3661329666206838e-02 -4.5189371026033709e-03 4.7491159805440830e-02 -1.6587126809646024e-02 -2.0565736723900368e-06 9.1462710394244195e-03 5.5470166992183767e-02 6.9763772402263134e-03 -8.1229720594817069e-03 1.5438735475129037e-06 2.3043711498664719e-02 1.2407487423192753e-03 -5.0970696978751267e-03 1.1537170140044182e-02 -1.4774962498960966e-06 3.7662624498498257e-04 7.8074274176841534e-03 1.7607422670959429e-04 4.0774020701457245e-04 2.5021763585260994e-07 2.1440306882724905e-03 -4.4431698926492014e-03 -7.1334324401458899e-04 4.4692632888242704e-04 -6.5655338409132993e-07 -2.8066816760000378e-04 -5.7653623856198863e-04 -8.6665126347151299e-05 -2.3896470003723137e-04 -1.0921704272739548e-07
