-7.7008626730284790e-01 -7.3994690146661646e-01 -4.0614580432622932e-01 -2.6417188234479430e-02 -2.8443801583398780e-18 8.9689565754439515e-01 -9.0823855966263500e-01 -8.0273645463970200e-01 5.0899219177273647e-01 -1.7948623623738339e-02 2.5976499628728501e-17 5.2669097420527256e-01 -2.9783746176404911e-02 5.0534987857618080e-17 1.6010184541948407e-02 -1.4730316023336275e-17 1.0596640296679838e-01 2.6853587521836966e-17 -1.5624743113388281e-01 -3.2297001924016167e-01 -4.8570446342697227e-01 1.6948357214778803e-01 3.1674429845807506e-01 1.9817858944566587e-17
-7.3994690146661646e-01 -7.3929216309048751e-01 -3.7976830347402801e-01 -2.4895084745056206e-02 2.4981796930129530e-17 1.2787229895279455e+00 -1.1308412260052743e+00 -9.5506309437100434e-01 2.3617913175384389e-01 -3.6494410612776154e-02 -5.0391495267227907e-17 3.1453558037070195e-01 -8.8799863833779941e-02 -4.2734118800963968e-17 8.6119427610004788e-03 -2.1512130624638140e-17 6.7267170625899847e-02 -1.1718641265951874e-17 -4.7677321396969397e-02 -4.8570446342697304e-01 -6.1999569234023222e-01 9.5375694410219036e-02 3.5937142559962643e-01 -2.2370775027816064e-17
-4.0614580432622932e-01 -3.7976830347402801e-01 3.3181292272224300e-01 -1.1904217720087158e-02 -8.8765632127979738e-18 1.6332504696158296e+00 -1.1571921843961070e+00 -7.4321868055322848e-01 3.8575556192566696e-01 -2.2375302739324376e-02 1.6080124537896064e-17 1.3300737836815307e-01 -2.3209059977904511e-02 6.8192123844010173e-17 2.3536407678516821e-02 -2.2633949344044261e-17 -1.8373642916826322e-01 4.1008446120999101e-17 3.4697592620137430e-01 -3.1674429845807550e-01 -3.5937142559962743e-01 9.0298499851290098e-02 4.0112411529841213e-01 3.4426849409769198e-17
-2.6417188234479430e-02 -2.4895084745056206e-02 -1.1904217720087158e-02 8.5636378129588364e-01 -3.3950960368731597e-17 2.3544110069493107e-04 -1.3385024248244334e-02 -2.3665646986335588e-02 1.0236219771454417e-02 -2.6231228386643762e-01 -1.4117677993377764e-17 2.3202686340022788e-02 -1.7223426664813302e-01 -3.3139836894210772e-17 -1.6092420885196461e-03 -2.0869366743670117e-17 1.4063733363013134e-02 5.3138825483511807e-18 8.5307219945791185e-03 -1.6948357214778775e-01 -9.5375694410220369e-02 1.2364406309897526e-01 9.0298499851289904e-02 -1.0576397660382003e-17
-2.8443801583398780e-18 2.4981796930129530e-17 -8.8765632127979738e-18 -3.3950960368731597e-17 8.7095202953491946e-01 3.3616650006152281e-18 -8.8847873767284872e-18 -8.7596620827910704e-18 -2.0802085063505898e-17 -5.1170772360833311e-17 -2.4343641920351367e-01 -4.3322293360274696e-17 -5.1958465083047027e-17 -1.3446156909695819e-01 2.2667048498850224e-18 -9.2030143711552097e-03 -4.9567061429906018e-18 -7.1484054453330916e-03 -2.0407763377455597e-17 -1.3157002641215714e-17 1.2951687402539142e-17 -1.2420016307074663e-17 5.2390086120097100e-17 -8.7130926841016698e-02
8.9689565754439515e-01 1.2787229895279455e+00 1.6332504696158296e+00 2.3544110069493107e-04 3.3616650006152281e-18 -1.9517987014909515e+01 7.1102051024367245e+00 3.3225950341577386e+00 -1.0834227135655645e-02 1.0834227135655520e-02 6.8898300378117604e-17 -9.9332489357097402e-04 9.9332489357101868e-04 1.4969612407405006e-17 -4.5821613615553748e-05 9.2012312130363513e-18 -3.8988424095090361e-03 2.4319382638476970e-17 1.2285571411205794e-16 8.9689565754439537e-01 1.2787229895279453e+00 -2.3544110069494806e-04 -1.6332504696158301e+00 5.3945646603908851e-18
-9.0823855966263500e-01 -1.1308412260052743e+00 -1.1571921843961070e+00 -1.3385024248244334e-02 -8.8847873767284872e-18 7.1102051024367245e+00 -3.6904476968236430e+00 -2.3784655845377207e+00 7.2960323895003343e-02 -7.2960323895002760e-02 -9.5445712418177583e-17 6.4777098785055096e-02 -6.4777098785054915e-02 -5.1976859704338847e-17 -3.0900054660813105e-03 -5.0053186699782518e-17 5.5525682774196963e-02 -3.0052284707285714e-17 2.6804201343479420e-18 -9.0823855966263389e-01 -1.1308412260052729e+00 1.3385024248244379e-02 1.1571921843961082e+00 -2.2061003459664156e-17
-8.0273645463970200e-01 -9.5506309437100434e-01 -7.4321868055322848e-01 -2.3665646986335588e-02 -8.7596620827910704e-18 3.3225950341577386e+00 -2.3784655845377207e+00 -1.6949347514779292e+00 7.3887943106804355e-02 -7.3887943106803980e-02 -8.2673807493972043e-17 1.3237576554097780e-01 -1.3237576554097755e-01 -7.6152566784803612e-17 -2.2565412913656516e-03 -2.3798601882648535e-17 7.3289230973794389e-02 -1.1624087743225830e-17 5.5956916478269711e-17 -8.0273645463970045e-01 -9.5506309437100223e-01 2.3665646986335713e-02 7.4321868055322859e-01 -2.7395592677658197e-17
5.0899219177273647e-01 2.3617913175384389e-01 3.8575556192566696e-01 1.0236219771454417e-02 -2.0802085063505898e-17 -1.0834227135655645e-02 7.2960323895003343e-02 7.3887943106804355e-02 -6.0117493954828660e-01 -1.8788610048647366e-03 -2.7605298031082660e-17 -7.1411012771559546e-01 -1.1241110391762791e-03 -8.1892884157749342e-17 -4.9627430366193090e-02 1.8219548651111945e-17 -5.4861799261368999e-02 -9.5211568032563189e-17 9.0188820218868287e-02 1.7948623623738433e-02 3.6494410612776286e-02 -2.6231228386643740e-01 -2.2375302739324542e-02 -3.7744252835058275e-17
-1.7948623623738339e-02 -3.6494410612776154e-02 -2.2375302739324376e-02 -2.6231228386643762e-01 -5.1170772360833311e-17 1.0834227135655520e-02 -7.2960323895002760e-02 -7.3887943106803980e-02 -1.8788610048647366e-03 -6.0117493954828660e-01 -6.0838453232212583e-17 -1.1241110391762795e-03 -7.1411012771559623e-01 -1.1285778546474715e-16 4.9627430366193534e-02 -7.3511638838676001e-17 5.4861799261368742e-02 -1.4836731570507438e-17 9.0188820218867816e-02 -5.0899219177273514e-01 -2.3617913175384020e-01 1.0236219771454509e-02 3.8575556192566562e-01 -6.8533352515952828e-17
2.5976499628728501e-17 -5.0391495267227907e-17 1.6080124537896064e-17 -1.4117677993377764e-17 -2.4343641920351367e-01 6.8898300378117604e-17 -9.5445712418177583e-17 -8.2673807493972043e-17 -2.7605298031082660e-17 -6.0838453232212583e-17 -5.6792150012516496e-01 -5.6580023383597080e-17 -5.9777667271929547e-17 -6.3832288539555426e-01 8.1954185066170914e-18 -5.2200534118333405e-02 -5.0556692533180223e-17 5.2200534118333836e-02 -8.6699398455285233e-19 -4.5477646611152238e-17 -1.9430008043281875e-17 -1.7845206647323609e-17 1.0481515695711241e-16 -2.4343641920351300e-01
5.2669097420527256e-01 3.1453558037070195e-01 1.3300737836815307e-01 2.3202686340022788e-02 -4.3322293360274696e-17 -9.9332489357097402e-04 6.4777098785055096e-02 1.3237576554097780e-01 -7.1411012771559546e-01 -1.1241110391762795e-03 -5.6580023383597080e-17 -4.5552360006616865e-01 2.7850604293263431e-04 -1.5589000854255887e-16 -4.2958460858761260e-02 5.8362528995408503e-18 -6.5168201172241286e-02 -5.9211726544088568e-17 1.0969505932665408e-01 2.9783746176404991e-02 8.8799863833780107e-02 -1.7223426664813285e-01 -2.3209059977904581e-02 -6.0829647426282412e-17
-2.9783746176404911e-02 -8.8799863833779941e-02 -2.3209059977904511e-02 -1.7223426664813302e-01 -5.1958465083047027e-17 9.9332489357101868e-04 -6.4777098785054915e-02 -1.3237576554097755e-01 -1.1241110391762791e-03 -7.1411012771559623e-01 -5.9777667271929547e-17 2.7850604293263431e-04 -4.5552360006616771e-01 -8.9475598154639149e-17 4.2958460858761455e-02 -3.5867301975522792e-17 6.5168201172241091e-02 -1.3305794966379716e-17 1.0969505932665383e-01 -5.2669097420526978e-01 -3.1453558037070167e-01 2.3202686340022972e-02 1.3300737836815291e-01 -6.3591566796816122e-17
5.0534987857618080e-17 -4.2734118800963968e-17 6.8192123844010173e-17 -3.3139836894210772e-17 -1.3446156909695819e-01 1.4969612407405006e-17 -5.1976859704338847e-17 -7.6152566784803612e-17 -8.1892884157749342e-17 -1.1285778546474715e-16 -6.3832288539555426e-01 -1.5589000854255887e-16 -8.9475598154639149e-17 -2.5379737549992887e-01 -1.7854514369056461e-19 -4.4857380414320684e-02 -8.3183025828206921e-17 4.4857380414320913e-02 -1.3913962770457377e-17 -5.3824535173258139e-17 -1.5673289495851978e-17 -4.9081655219265736e-17 1.1749798577862859e-16 -1.3446156909695739e-01
1.6010184541948407e-02 8.6119427610004788e-03 2.3536407678516821e-02 -1.6092420885196461e-03 2.2667048498850224e-18 -4.5821613615553748e-05 -3.0900054660813105e-03 -2.2565412913656516e-03 -4.9627430366193090e-02 4.9627430366193534e-02 8.1954185066170914e-18 -4.2958460858761260e-02 4.2958460858761455e-02 -1.7854514369056461e-19 2.0624536598669794e+00 3.6426735364036570e-17 1.0118713526377546e-03 1.3507179924357350e-17 -4.5686428763180447e-17 1.6010184541948538e-02 8.6119427610005031e-03 1.6092420885187551e-03 -2.3536407678516981e-02 6.0428341072567568e-18
-1.4730316023336275e-17 -2.1512130624638140e-17 -2.2633949344044261e-17 -2.0869366743670117e-17 -9.2030143711552097e-03 9.2012312130363513e-18 -5.0053186699782518e-17 -2.3798601882648535e-17 1.8219548651111945e-17 -7.3511638838676001e-17 -5.2200534118333405e-02 5.8362528995408503e-18 -3.5867301975522792e-17 -4.4857380414320684e-02 3.6426735364036570e-17 2.0874762545693768e+00 -9.5722935059359806e-17 -1.1629397590407248e-03 -4.2996662810876326e-18 -2.9535177421245009e-17 -2.5974128682042261e-17 5.4330851361871490e-18 3.9150877163380819e-17 7.1484054453324333e-03
1.0596640296679838e-01 6.7267170625899847e-02 -1.8373642916826322e-01 1.4063733363013134e-02 -4.9567061429906018e-18 -3.8988424095090361e-03 5.5525682774196963e-02 7.3289230973794389e-02 -5.4861799261368999e-02 5.4861799261368742e-02 -5.0556692533180223e-17 -6.5168201172241286e-02 6.5168201172241091e-02 -8.3183025828206921e-17 1.0118713526377546e-03 -9.5722935059359806e-17 2.0894489243679293e+00 -6.4400463834762253e-17 4.5210926180840360e-17 1.0596640296679817e-01 6.7267170625899764e-02 -1.4063733363013194e-02 1.8373642916826244e-01 -2.1117457255120649e-17
2.6853587521836966e-17 -1.1718641265951874e-17 4.1008446120999101e-17 5.3138825483511807e-18 -7.1484054453330916e-03 2.4319382638476970e-17 -3.0052284707285714e-17 -1.1624087743225830e-17 -9.5211568032563189e-17 -1.4836731570507438e-17 5.2200534118333836e-02 -5.9211726544088568e-17 -1.3305794966379716e-17 4.4857380414320913e-02 1.3507179924357350e-17 -1.1629397590407248e-03 -6.4400463834762253e-17 2.0874762545693781e+00 3.8909912713176179e-17 -4.6735564450533388e-18 -9.1710134814198670e-18 -1.3104526496074557e-17 3.8937287462028617e-18 9.2030143711552895e-03
-1.5624743113388281e-01 -4.7677321396969397e-02 3.4697592620137430e-01 8.5307219945791185e-03 -2.0407763377455597e-17 1.2285571411205794e-16 2.6804201343479420e-18 5.5956916478269711e-17 9.0188820218868287e-02 9.0188820218867816e-02 -8.6699398455285233e-19 1.0969505932665408e-01 1.0969505932665383e-01 -1.3913962770457377e-17 -4.5686428763180447e-17 -4.2996662810876326e-18 4.5210926180840360e-17 3.8909912713176179e-17 1.9682459237379006e+00 1.5624743113388218e-01 4.7677321396969258e-02 8.5307219945790942e-03 3.4697592620137213e-01 1.0803303210987929e-18
-3.2297001924016167e-01 -4.8570446342697304e-01 -3.1674429845807550e-01 -1.6948357214778775e-01 -1.3157002641215714e-17 8.9689565754439537e-01 -9.0823855966263389e-01 -8.0273645463970045e-01 1.7948623623738433e-02 -5.0899219177273514e-01 -4.5477646611152238e-17 2.9783746176404991e-02 -5.2669097420526978e-01 -5.3824535173258139e-17 1.6010184541948538e-02 -2.9535177421245009e-17 1.0596640296679817e-01 -4.6735564450533388e-18 1.5624743113388218e-01 -7.7008626730284491e-01 -7.3994690146661557e-01 2.6417188234479687e-02 4.0614580432622965e-01 -2.2819148775410171e-17
-4.8570446342697227e-01 -6.1999569234023222e-01 -3.5937142559962743e-01 -9.5375694410220369e-02 1.2951687402539142e-17 1.2787229895279453e+00 -1.1308412260052729e+00 -9.5506309437100223e-01 3.6494410612776286e-02 -2.3617913175384020e-01 -1.9430008043281875e-17 8.8799863833780107e-02 -3.1453558037070167e-01 -1.5673289495851978e-17 8.6119427610005031e-03 -2.5974128682042261e-17 6.7267170625899764e-02 -9.1710134814198670e-18 4.7677321396969258e-02 -7.3994690146661557e-01 -7.3929216309048906e-01 2.4895084745056389e-02 3.7976830347402823e-01 -5.9463938221881464e-17
1.6948357214778803e-01 9.5375694410219036e-02 9.0298499851290098e-02 1.2364406309897526e-01 -1.2420016307074663e-17 -2.3544110069494806e-04 1.3385024248244379e-02 2.3665646986335713e-02 -2.6231228386643740e-01 1.0236219771454509e-02 -1.7845206647323609e-17 -1.7223426664813285e-01 2.3202686340022972e-02 -4.9081655219265736e-17 1.6092420885187551e-03 5.4330851361871490e-18 -1.4063733363013194e-02 -1.3104526496074557e-17 8.5307219945790942e-03 2.6417188234479687e-02 2.4895084745056389e-02 8.5636378129588431e-01 -1.1904217720087193e-02 -3.8292582138129195e-17
3.1674429845807506e-01 3.5937142559962643e-01 4.0112411529841213e-01 9.0298499851289904e-02 5.2390086120097100e-17 -1.6332504696158301e+00 1.1571921843961082e+00 7.4321868055322859e-01 -2.2375302739324542e-02 3.8575556192566562e-01 1.0481515695711241e-16 -2.3209059977904581e-02 1.3300737836815291e-01 1.1749798577862859e-16 -2.3536407678516981e-02 3.9150877163380819e-17 1.8373642916826244e-01 3.8937287462028617e-18 3.4697592620137213e-01 4.0614580432622965e-01 3.7976830347402823e-01 -1.1904217720087193e-02 3.3181292272224200e-01 3.5324600256075082e-17
1.9817858944566587e-17 -2.2370775027816064e-17 3.4426849409769198e-17 -1.0576397660382003e-17 -8.7130926841016698e-02 5.3945646603908851e-18 -2.2061003459664156e-17 -2.7395592677658197e-17 -3.7744252835058275e-17 -6.8533352515952828e-17 -2.4343641920351300e-01 -6.0829647426282412e-17 -6.3591566796816122e-17 -1.3446156909695739e-01 6.0428341072567568e-18 7.1484054453324333e-03 -2.1117457255120649e-17 9.2030143711552895e-03 1.0803303210987929e-18 -2.2819148775410171e-17 -5.9463938221881464e-17 -3.8292582138129195e-17 3.5324600256075082e-17 8.7095202953492035e-01
