-6.7260437401153794e-01 -7.0902695791899850e-01 -3.7423750829916003e-01 -5.5604000543598847e-03 -1.8569293151834504e-02 6.7509283950445975e-01 -7.7989371557518994e-01 -7.2134061297264118e-01 5.3943869728656013e-01 -3.0517467864941097e-02 -1.1574383640310354e-02 5.4934702475332475e-01 -4.2430048942743603e-02 -2.4867157320928125e-02 2.6522299188877801e-02 -2.8591856835887214e-03 7.6549576699363686e-02 1.7613539584591067e-02 -1.2902447078571810e-01 -2.7506572594377787e-01 -4.4044519922498604e-01 1.9574621939884174e-01 2.5413495004219566e-01 1.3628596677911876e-02 -2.5312069073546373e-01 -4.2748376931873366e-01 1.5788943142940182e-01 7.8132789595680031e-03 2.3712479736054959e-01
-7.0902695791899850e-01 -7.3419504637743049e-01 -3.6473986005442849e-01 -6.6700994935956067e-03 -2.0100556377809303e-02 1.1901346168524032e+00 -1.1286840566929337e+00 -9.7213414929109998e-01 2.8927465404810682e-01 -5.0912297114593746e-02 -3.8848463217619533e-02 3.4392243470930195e-01 -1.0290545006057752e-01 -9.2960803897114669e-02 1.1824451879737310e-02 -8.2411544948449850e-03 3.0392863258936101e-02 1.0719878705926058e-02 -4.2034131571358768e-02 -4.6967352113029315e-01 -6.2292238227468788e-01 1.3014749114515400e-01 3.5935325693643638e-01 4.7728578140329367e-03 -4.3413618366033235e-01 -6.0483850464846789e-01 9.2002464168423836e-02 1.8598329607737718e-03 3.1475108947953667e-01
-3.7423750829916003e-01 -3.6473986005442849e-01 6.4376735619947034e-01 7.6125054381746601e-03 -4.8408043595798075e-03 1.0962411821974143e+00 -9.2045673606490785e-01 -6.2282905310672199e-01 3.8384789390303409e-01 -3.9208839668919138e-02 -1.7238987971136661e-02 1.4231532896950649e-01 -2.9258671590705360e-02 -1.9244411277041913e-02 -7.9420081493442596e-03 -3.2845736942609532e-03 -1.8374629933941711e-01 1.2084436818815325e-02 3.2232838162298516e-01 -2.7742680211282522e-01 -3.2624078877778617e-01 1.4351552663308220e-01 3.2307657141221768e-01 1.7568810497790299e-02 -2.3946371697775160e-01 -3.0838462561881319e-01 9.8510865272300352e-02 1.0041724644031795e-02 2.8580662412062485e-01
-5.5604000543598847e-03 -6.6700994935956067e-03 7.6125054381746609e-03 1.0294538146308514e+00 -9.4662056905913295e-04 -4.6435578586613652e-02 3.4455226702068631e-02 9.8374244639508612e-03 -1.3980805203299779e-02 -2.3316224932451124e-01 -7.5854638339860857e-04 1.0899497687090060e-02 -1.4521474769223452e-01 -1.4786868406412329e-03 5.4371023138828356e-03 -7.3772975933895681e-03 2.0356304718444251e-02 1.3392705482353140e-04 -2.8712549717534730e-03 -1.4077786047636232e-01 -6.9469038315526255e-02 1.0664545095773947e-01 6.0147850213035647e-02 5.9520486488156207e-03 -6.9432452111490087e-04 -3.7503386426329059e-03 2.8155493786222278e-03 -7.8383746847244723e-02 1.3835919079595461e-03
-1.8569293151834504e-02 -2.0100556377809303e-02 -4.8408043595798075e-03 -9.4662056905913273e-04 1.0278546873221690e+00 -1.1005559018439619e-02 4.8152295286739751e-03 -1.1308665125905710e-02 5.1985651481343507e-03 -1.1421640222152565e-03 -2.3394111674293816e-01 2.0645621958431691e-02 -2.7366449451297578e-03 -1.4739131841502529e-01 1.3707162399262823e-03 -8.0267814487439415e-03 -1.2051354824196531e-02 5.9065541010177025e-03 -8.8020346654055105e-03 -8.6893626491543648e-03 -1.5018446519212164e-02 9.1356862997280242e-03 9.3906297115329482e-03 -8.6954817514708321e-02 -1.5174108908480455e-01 -8.6138977701191555e-02 1.0511680094896203e-01 3.9899671567962397e-03 8.8769884662681153e-02
6.7509283950445975e-01 1.1901346168524032e+00 1.0962411821974143e+00 -4.6435578586613652e-02 -1.1005559018439619e-02 -1.9791608941261750e+01 7.1916773260964391e+00 3.3585535168763987e+00 -1.0156601407202372e-02 1.2703191028520029e-02 1.1356431200454063e-02 -1.6598353177655952e-03 2.0772950063185133e-03 1.9023459965178170e-03 -1.9961001661083889e-04 1.7091157892139378e-04 -1.1625851296653735e-04 -1.7293111103684099e-04 -2.4212271389624840e-04 8.9956939956170912e-01 1.2898156601217434e+00 -1.2878545701414706e-01 -1.6239937658344736e+00 -1.0915157300855377e-01 6.9877837284079081e-01 1.2017775919305462e+00 -5.6226384095866815e-03 -7.9079997042474176e-02 -1.1492286777027805e+00
-7.7989371557518994e-01 -1.1286840566929337e+00 -9.2045673606490785e-01 3.4455226702068631e-02 4.8152295286739751e-03 7.1916773260964391e+00 -3.7650629549791077e+00 -2.4950996725793919e+00 4.0669987025279922e-02 -6.3549163783939544e-02 -4.9606975886008917e-02 4.3185637538286727e-02 -6.3670374892267539e-02 -5.2469642854410893e-02 -8.6405220134413308e-03 -9.7302166247106164e-03 6.4287093272449624e-03 -3.1609695842363624e-03 1.1811723338196661e-02 -9.6256844495901617e-01 -1.2133435491167366e+00 9.7400885323353226e-02 1.1632263197360420e+00 6.7944452533912181e-02 -8.0132334916026360e-01 -1.1402608135975316e+00 8.0777932505126313e-03 5.6105251035042519e-02 9.5031240261081518e-01
-7.2134061297264118e-01 -9.7213414929109998e-01 -6.2282905310672199e-01 9.8374244639508612e-03 -1.1308665125905710e-02 3.3585535168763987e+00 -2.4950996725793919e+00 -1.8185162983175891e+00 5.5013073477333842e-02 -7.8117105938543388e-02 -6.5892184123446551e-02 1.1592101296905785e-01 -1.4791734465217796e-01 -1.3622212133353417e-01 -9.0784108538071780e-03 -1.4851267311468519e-02 7.1331789286579756e-03 -2.3409092576034364e-03 1.3834996277320242e-02 -8.4785453799986765e-01 -1.0350034357299016e+00 8.1135619686091509e-02 7.8174113136136603e-01 2.3286833320424249e-02 -7.4155476223903039e-01 -9.8540361427352430e-01 1.8355801767916038e-02 1.8553878058287870e-02 6.4678999809918558e-01
5.3943869728656013e-01 2.8927465404810682e-01 3.8384789390303409e-01 -1.3980805203299779e-02 5.1985651481343507e-03 -1.0156601407202372e-02 4.0669987025279922e-02 5.5013073477333842e-02 -5.5795847594607118e-01 3.9079729270018269e-03 4.6103906567775028e-03 -7.9595017567576898e-01 1.1910054909770001e-03 2.7911135633808979e-03 -5.9375947700619013e-02 -5.7724199093786761e-04 -4.9147005569153801e-02 -4.7411866438576568e-02 9.4495616942532321e-02 -3.7935347597381222e-02 1.3654691362131880e-02 -2.8529679717958523e-01 3.6790374574915741e-02 2.5286903865403033e-03 3.3592543703336274e-03 3.0223831125267990e-02 -2.4178293887348801e-01 2.7836756382600678e-04 -6.4301267441044564e-03
-3.0517467864941097e-02 -5.0912297114593746e-02 -3.9208839668919138e-02 -2.3316224932451124e-01 -1.1421640222152565e-03 1.2703191028520029e-02 -6.3549163783939544e-02 -7.8117105938543388e-02 3.9079729270018269e-03 -5.7857886604112707e-01 -7.5490244755957239e-03 5.6103789635998094e-04 -8.1000813322033105e-01 -8.7346771534876876e-03 2.9995172517099176e-02 -5.5201885275120204e-02 6.7517819481046681e-02 -2.5801223940537596e-04 1.1673228522177123e-01 -6.0676561218974379e-01 -2.9635668565370410e-01 6.4142771901454454e-02 3.5448941106827991e-01 2.7756232973399825e-02 -4.4108612672777339e-02 -5.9437363481704836e-02 1.7724229035188720e-03 -2.4627849991214879e-01 6.1035271879410713e-02
-1.1574383640310354e-02 -3.8848463217619533e-02 -1.7238987971136661e-02 -7.5854638339860857e-04 -2.3394111674293816e-01 1.1356431200454063e-02 -4.9606975886008917e-02 -6.5892184123446551e-02 4.6103906567775028e-03 -7.5490244755957231e-03 -5.5840625024285906e-01 2.5822026112648651e-03 -9.7256005307312394e-03 -7.9639212379651569e-01 2.4640931331085963e-05 -6.1255932429609854e-02 -1.1072844476097157e-01 3.9266924613319404e-02 2.9214783693914006e-03 -4.9166765691214837e-02 -5.7717674131040439e-02 7.2536624917650672e-03 6.0934554625606263e-02 -2.9368180159741797e-01 -5.5039272958259011e-01 -2.9474239378848055e-01 1.3105774778090055e-02 2.7945639470387168e-02 3.8412125247704854e-01
5.4934702475332475e-01 3.4392243470930195e-01 1.4231532896950649e-01 1.0899497687090060e-02 2.0645621958431691e-02 -1.6598353177655952e-03 4.3185637538286727e-02 1.1592101296905785e-01 -7.9595017567576898e-01 5.6103789635998094e-04 2.5822026112648651e-03 -4.9103915463460801e-01 -5.5173241864273229e-03 4.2432846744103192e-04 -5.5968755027722583e-02 -9.2173748153427844e-04 -5.6569822384975321e-02 -4.4050706344462454e-02 1.1037592692086354e-01 -2.2934220183380843e-02 6.2258337846801556e-02 -1.7099912897494263e-01 9.0152251140901418e-03 -1.4183644760514015e-03 1.4603861165541186e-02 7.7148210491116725e-02 -1.5358148263488047e-01 -1.7264781528695409e-03 -1.2221378609252919e-02
-4.2430048942743603e-02 -1.0290545006057752e-01 -2.9258671590705360e-02 -1.4521474769223452e-01 -2.7366449451297578e-03 2.0772950063185133e-03 -6.3670374892267539e-02 -1.4791734465217796e-01 1.1910054909770001e-03 -8.1000813322033105e-01 -9.7256005307312394e-03 -5.5173241864273229e-03 -4.9468382672186806e-01 -2.2438837041514056e-02 2.3504835987642202e-02 -5.4139387184822835e-02 7.3894924854410474e-02 -5.4512031850842771e-04 1.2962186904125667e-01 -5.7135513599200438e-01 -3.4866969925397329e-01 5.0137966462824202e-02 1.6005643864603236e-01 -1.1186627075272904e-02 -6.3417101100248952e-02 -1.1937551355153986e-01 1.1311308919493149e-03 -1.6241161340369481e-01 4.6697085859870785e-02
-2.4867157320928125e-02 -9.2960803897114669e-02 -1.9244411277041913e-02 -1.4786868406412327e-03 -1.4739131841502529e-01 1.9023459965178170e-03 -5.2469642854410893e-02 -1.3622212133353417e-01 2.7911135633808979e-03 -8.7346771534876876e-03 -7.9639212379651569e-01 4.2432846744103192e-04 -2.2438837041514056e-02 -4.9047329905305226e-01 -3.4086146473648565e-04 -5.8807712538563650e-02 -1.2608603724156789e-01 3.5668574678536132e-02 4.4215798988841131e-03 -6.7054711222597291e-02 -1.2098002235324082e-01 6.3368336376978633e-03 4.7662461474368367e-02 -1.8586882898131774e-01 -5.6037304996037385e-01 -3.5673604031693307e-01 2.2056890980511862e-02 -1.1662022468524491e-02 1.4932761729198685e-01
2.6522299188877801e-02 1.1824451879737310e-02 -7.9420081493442596e-03 5.4371023138828356e-03 1.3707162399262823e-03 -1.9961001661083889e-04 -8.6405220134413308e-03 -9.0784108538071780e-03 -5.9375947700619013e-02 2.9995172517099176e-02 2.4640931331085855e-05 -5.5968755027722583e-02 2.3504835987642202e-02 -3.4086146473648565e-04 2.2461545654791806e+00 -2.3726063744436495e-03 6.1631131800315743e-03 -4.2172838199433108e-03 1.0266140559354747e-02 -7.5428462883186109e-03 -3.0655153795425636e-03 4.9857152644927627e-02 -8.0002873818125653e-02 -7.5254914339454825e-03 -1.8229666923621694e-03 -3.9228013613040475e-03 -9.1221783882913382e-03 3.5136621709353734e-03 1.2460822500710671e-03
-2.8591856835887214e-03 -8.2411544948449850e-03 -3.2845736942609532e-03 -7.3772975933895681e-03 -8.0267814487439415e-03 1.7091157892139378e-04 -9.7302166247106164e-03 -1.4851267311468519e-02 -5.7724199093786761e-04 -5.5201885275120204e-02 -6.1255932429609854e-02 -9.2173748153427844e-04 -5.4139387184822835e-02 -5.8807712538563650e-02 -2.3726063744436495e-03 2.2454671197284650e+00 -4.2811311667980004e-03 -3.5890853265677421e-03 1.0748801904419736e-02 -3.9955795730879429e-02 -2.5662853349503301e-02 -9.7482009479691462e-04 -2.7374140841537775e-02 4.9612863822491748e-02 -4.0249936560953437e-02 -2.6674422303617613e-02 -7.8916685896891423e-05 -8.7235242757675024e-03 -1.6737252729689123e-02
7.6549576699363686e-02 3.0392863258936101e-02 -1.8374629933941711e-01 2.0356304718444251e-02 -1.2051354824196531e-02 -1.1625851296653735e-04 6.4287093272449624e-03 7.1331789286579756e-03 -4.9147005569153801e-02 6.7517819481046681e-02 -1.1072844476097157e-01 -5.6569822384975321e-02 7.3894924854410474e-02 -1.2608603724156789e-01 6.1631131800315743e-03 -4.2811311667980004e-03 2.1800735863902201e+00 -1.0510184775663926e-03 -1.2188477067838266e-02 7.3909710113625460e-02 2.9556118252787381e-02 2.9707309497740558e-03 2.2064041086544250e-01 -1.4544185305377377e-03 -1.5132690264241067e-01 -5.2166344801137493e-02 -3.5553986261596775e-03 -2.2882093335708398e-02 -3.7789278921532787e-01
1.7613539584591067e-02 1.0719878705926058e-02 1.2084436818815325e-02 1.3392705482353140e-04 5.9065541010177025e-03 -1.7293111103684099e-04 -3.1609695842363624e-03 -2.3409092576034364e-03 -4.7411866438576568e-02 -2.5801223940537601e-04 3.9266924613319404e-02 -4.4050706344462454e-02 -5.4512031850842771e-04 3.5668574678536132e-02 -4.2172838199433108e-03 -3.5890853265677421e-03 -1.0510184775663928e-03 2.2542846034620823e+00 2.4768779950664200e-04 -2.6961236132470486e-03 -1.5104252317598534e-03 -5.7084678319774818e-03 -2.8729788966330785e-03 1.1791521633083973e-02 1.1615327409458205e-02 7.7837962965793530e-03 -2.3117665072187599e-03 -2.4187815310551561e-03 -1.8847678060331996e-02
-1.2902447078571810e-01 -4.2034131571358768e-02 3.2232838162298516e-01 -2.8712549717534730e-03 -8.8020346654055105e-03 -2.4212271389624846e-04 1.1811723338196661e-02 1.3834996277320242e-02 9.4495616942532321e-02 1.1673228522177123e-01 2.9214783693914011e-03 1.1037592692086354e-01 1.2962186904125667e-01 4.4215798988841131e-03 1.0266140559354747e-02 1.0748801904419736e-02 -1.2188477067838268e-02 2.4768779950664200e-04 2.1680405068314377e+00 1.4136699283018750e-01 6.0978996973513167e-02 5.0369755835993624e-02 3.5987577291884443e-01 3.6772715992824945e-02 7.7860058854381190e-03 1.0135928626686119e-02 1.5632250768521563e-02 2.1004680980101387e-02 -8.1089034547046444e-03
-2.7506572594377787e-01 -4.6967352113029315e-01 -2.7742680211282522e-01 -1.4077786047636232e-01 -8.6893626491543648e-03 8.9956939956170912e-01 -9.6256844495901617e-01 -8.4785453799986765e-01 -3.7935347597381222e-02 -6.0676561218974379e-01 -4.9166765691214837e-02 -2.2934220183380843e-02 -5.7135513599200438e-01 -6.7054711222597291e-02 -7.5428462883186109e-03 -3.9955795730879429e-02 7.3909710113625460e-02 -2.6961236132470486e-03 1.4136699283018750e-01 -7.6850442188906776e-01 -7.7348704393913259e-01 6.1378850773801452e-02 4.9036245816427848e-01 4.1533657593566253e-05 -3.5176170562897058e-01 -5.1735562070860475e-01 -1.0537928874940684e-02 -1.6857504590081751e-01 3.2592003022878047e-01
-4.4044519922498604e-01 -6.2292238227468788e-01 -3.2624078877778617e-01 -6.9469038315526255e-02 -1.5018446519212164e-02 1.2898156601217434e+00 -1.2133435491167366e+00 -1.0350034357299016e+00 1.3654691362131880e-02 -2.9635668565370410e-01 -5.7717674131040439e-02 6.2258337846801556e-02 -3.4866969925397329e-01 -1.2098002235324082e-01 -3.0655153795425636e-03 -2.5662853349503301e-02 2.9556118252787381e-02 -1.5104252317598534e-03 6.0978996973513167e-02 -7.7348704393913259e-01 -7.8049442260863922e-01 6.0339219707444630e-02 4.5246314208176308e-01 -5.1896724418262485e-03 -4.9348028458220639e-01 -6.5662077817394016e-01 7.9101717219409035e-03 -7.6417711090396079e-02 3.5325419735807462e-01
1.9574621939884174e-01 1.3014749114515400e-01 1.4351552663308220e-01 1.0664545095773947e-01 9.1356862997280242e-03 -1.2878545701414706e-01 9.7400885323353226e-02 8.1135619686091509e-02 -2.8529679717958523e-01 6.4142771901454454e-02 7.2536624917650672e-03 -1.7099912897494263e-01 5.0137966462824202e-02 6.3368336376978633e-03 4.9857152644927627e-02 -9.7482009479691462e-04 2.9707309497740558e-03 -5.7084678319774818e-03 5.0369755835993624e-02 6.1378850773801452e-02 6.0339219707444630e-02 9.7833063833009737e-01 -5.0325733974103427e-02 -2.0368892336946743e-03 2.7804711141158345e-02 4.5381674514303930e-02 -1.0308808077903864e-01 1.4450784400089151e-02 -3.0594675050844927e-02
2.5413495004219566e-01 3.5935325693643638e-01 3.2307657141221768e-01 6.0147850213035647e-02 9.3906297115329482e-03 -1.6239937658344736e+00 1.1632263197360420e+00 7.8174113136136603e-01 3.6790374574915741e-02 3.5448941106827991e-01 6.0934554625606263e-02 9.0152251140901418e-03 1.6005643864603236e-01 4.7662461474368367e-02 -8.0002873818125653e-02 -2.7374140841537775e-02 2.2064041086544250e-01 -2.8729788966330785e-03 3.5987577291884443e-01 4.9036245816427848e-01 4.5246314208176308e-01 -5.0325733974103427e-02 4.5326681868597785e-01 -2.0801612480847737e-02 3.1818936480460258e-01 3.8878264706708021e-01 8.1828113977521350e-03 3.1675903760836732e-02 -3.4915322058461973e-01
1.3628596677911876e-02 4.7728578140329367e-03 1.7568810497790299e-02 5.9520486488156207e-03 -8.6954817514708321e-02 -1.0915157300855377e-01 6.7944452533912181e-02 2.3286833320424249e-02 2.5286903865403033e-03 2.7756232973399825e-02 -2.9368180159741797e-01 -1.4183644760514015e-03 -1.1186627075272904e-02 -1.8586882898131774e-01 -7.5254914339454825e-03 4.9612863822491748e-02 -1.4544185305377377e-03 1.1791521633083973e-02 3.6772715992824945e-02 4.1533657593566253e-05 -5.1896724418262485e-03 -2.0368892336946743e-03 -2.0801612480847737e-02 9.7043783407245199e-01 -1.9325476034825184e-01 -9.1999029588049397e-02 -1.1118626004927995e-03 -6.3046034998639588e-02 5.9491369553899998e-02
-2.5312069073546373e-01 -4.3413618366033235e-01 -2.3946371697775160e-01 -6.9432452111490087e-04 -1.5174108908480455e-01 6.9877837284079081e-01 -8.0132334916026360e-01 -7.4155476223903039e-01 3.3592543703336274e-03 -4.4108612672777339e-02 -5.5039272958259011e-01 1.4603861165541186e-02 -6.3417101100248952e-02 -5.6037304996037385e-01 -1.8229666923621694e-03 -4.0249936560953437e-02 -1.5132690264241067e-01 1.1615327409458205e-02 7.7860058854381190e-03 -3.5176170562897058e-01 -4.9348028458220639e-01 2.7804711141158345e-02 3.1818936480460258e-01 -1.9325476034825184e-01 -6.9274438289248330e-01 -7.2496264054264170e-01 2.1377501191711640e-02 -4.0386611301341455e-03 3.9004624221452278e-01
-4.2748376931873366e-01 -6.0483850464846789e-01 -3.0838462561881319e-01 -3.7503386426329059e-03 -8.6138977701191555e-02 1.2017775919305462e+00 -1.1402608135975316e+00 -9.8540361427352430e-01 3.0223831125267990e-02 -5.9437363481704836e-02 -2.9474239378848055e-01 7.7148210491116725e-02 -1.1937551355153986e-01 -3.5673604031693307e-01 -3.9228013613040475e-03 -2.6674422303617613e-02 -5.2166344801137493e-02 7.7837962965793530e-03 1.0135928626686119e-02 -5.1735562070860475e-01 -6.5662077817394016e-01 4.5381674514303930e-02 3.8878264706708021e-01 -9.1999029588049397e-02 -7.2496264054264170e-01 -7.5058140203264445e-01 2.2745858205192714e-02 -6.1125517498380258e-03 3.7896785388998966e-01
1.5788943142940182e-01 9.2002464168423836e-02 9.8510865272300352e-02 2.8155493786222278e-03 1.0511680094896203e-01 -5.6226384095866815e-03 8.0777932505126313e-03 1.8355801767916038e-02 -2.4178293887348801e-01 1.7724229035188720e-03 1.3105774778090055e-02 -1.5358148263488047e-01 1.1311308919493149e-03 2.2056890980511862e-02 -9.1221783882913382e-03 -7.8916685896891423e-05 -3.5553986261596775e-03 -2.3117665072187599e-03 1.5632250768521563e-02 -1.0537928874940684e-02 7.9101717219409035e-03 -1.0308808077903864e-01 8.1828113977521350e-03 -1.1118626004927995e-03 2.1377501191711640e-02 2.2745858205192714e-02 1.0158791988189928e+00 -1.6055132556250656e-03 -9.0063657390888809e-03
7.8132789595680031e-03 1.8598329607737718e-03 1.0041724644031795e-02 -7.8383746847244723e-02 3.9899671567962397e-03 -7.9079997042474176e-02 5.6105251035042519e-02 1.8553878058287870e-02 2.7836756382600678e-04 -2.4627849991214879e-01 2.7945639470387168e-02 -1.7264781528695409e-03 -1.6241161340369481e-01 -1.1662022468524491e-02 3.5136621709353734e-03 -8.7235242757675024e-03 -2.2882093335708398e-02 -2.4187815310551556e-03 2.1004680980101387e-02 -1.6857504590081751e-01 -7.6417711090396079e-02 1.4450784400089151e-02 3.1675903760836732e-02 -6.3046034998639588e-02 -4.0386611301341455e-03 -6.1125517498380258e-03 -1.6055132556250659e-03 1.0083101135202059e+00 -1.2290174423279034e-02
2.3712479736054959e-01 3.1475108947953667e-01 2.8580662412062485e-01 1.3835919079595461e-03 8.8769884662681153e-02 -1.1492286777027805e+00 9.5031240261081518e-01 6.4678999809918558e-01 -6.4301267441044564e-03 6.1035271879410713e-02 3.8412125247704854e-01 -1.2221378609252919e-02 4.6697085859870785e-02 1.4932761729198685e-01 1.2460822500710671e-03 -1.6737252729689123e-02 -3.7789278921532787e-01 -1.8847678060331996e-02 -8.1089034547046444e-03 3.2592003022878047e-01 3.5325419735807462e-01 -3.0594675050844927e-02 -3.4915322058461973e-01 5.9491369553899998e-02 3.9004624221452278e-01 3.7896785388998966e-01 -9.0063657390888809e-03 -1.2290174423279034e-02 6.1509203878583030e-01
